# callgrind format
version: 1
creator: xtree-1
pid: 52542
cmd: ./minishell

positions: line
event: RB : Reachable Bytes
event: PB : Possibly lost Bytes
event: IB : Indirectly lost Bytes
event: DB : Definitely lost Bytes (direct plus indirect)
event: DIB : Definitely Indirectly lost Bytes (subset of DB)
event: RBk : reachable Blocks
event: PBk : Possibly lost Blocks
event: IBk : Indirectly lost Blocks
event: DBk : Definitely lost Blocks
event: iRB : increase Reachable Bytes
event: iPB : increase Possibly lost Bytes
event: iIB : increase Indirectly lost Bytes
event: iDB : increase Definitely lost Bytes
event: iDIB : increase Definitely Indirectly lost Bytes
event: iRBk : increase reachable Blocks
event: iPBk : increase Possibly lost Blocks
event: iIBk : increase Indirectly lost Blocks
event: iDBk : increase Definitely lost Blocks
event: dRB : decrease Reachable Bytes
event: dPB : decrease Possibly lost Bytes
event: dIB : decrease Indirectly lost Bytes
event: dDB : decrease Definitely lost Bytes
event: dDIB : decrease Definitely Indirectly lost Bytes
event: dRBk : decrease reachable Blocks
event: dPBk : decrease Possibly lost Blocks
event: dIBk : decrease Indirectly lost Blocks
event: dDBk : decrease Definitely lost Blocks
events: RB  PB  IB  DB  DIB  RBk  PBk  IBk  DBk  iRB  iPB  iIB  iDB  iDIB  iRBk  iPBk  iIBk  iDBk  dRB  dPB  dIB  dDB  dDIB  dRBk  dPBk  dIBk  dDBk 
fl=(1) /mnt/c/projects/minishell/minishell_loop.c
fn=(1) main
130
cfi=(1)
cfn=(2) main_loop
calls=0 97
130 0 0 2 0 0 0 0 1 0 0 0 2 0 0 0 0 1 0 0 0 0 0 0 0 0 0 0
fl=(1)
fn=(2)
97
cfi=(2) /mnt/c/projects/minishell/minishell_tokenizer2.c
cfn=(3) convert_raw_token_list
calls=0 75
97 0 0 2 0 0 0 0 1 0 0 0 2 0 0 0 0 1 0 0 0 0 0 0 0 0 0 0
fl=(2)
fn=(3)
75
cfi=(2)
cfn=(4) convert_raw_token
calls=0 25
75 0 0 2 0 0 0 0 1 0 0 0 2 0 0 0 0 1 0 0 0 0 0 0 0 0 0 0
fl=(2)
fn=(4)
25
cfi=(3) UnknownFile???
cfn=(5) ft_strdup
calls=0 0
25 0 0 2 0 0 0 0 1 0 0 0 2 0 0 0 0 1 0 0 0 0 0 0 0 0 0 0
fl=(3)
fn=(5)
0
cfi=(3)
cfn=(6) malloc
calls=0 0
0 0 0 2 0 0 0 0 1 0 0 0 2 0 0 0 0 1 0 0 0 0 0 0 0 0 0 0
fl=(3)
fn=(6)
0 0 0 2 0 0 0 0 1 0 0 0 2 0 0 0 0 1 0 0 0 0 0 0 0 0 0 0

fl=(1)
fn=(1)
130
cfi=(1)
cfn=(2)
calls=0 94
130 3 0 0 0 0 1 0 0 0 3 0 0 0 0 1 0 0 0 0 0 0 0 0 0 0 0 0
fl=(1)
fn=(2)
94
cfi=(1)
cfn=(7) read_input
calls=0 51
94 3 0 0 0 0 1 0 0 0 3 0 0 0 0 1 0 0 0 0 0 0 0 0 0 0 0 0
fl=(1)
fn=(7)
51
cfi=(3)
cfn=(8) add_history
calls=0 0
51 3 0 0 0 0 1 0 0 0 3 0 0 0 0 1 0 0 0 0 0 0 0 0 0 0 0 0
fl=(3)
fn=(8)
0
cfi=(3)
cfn=(9) alloc_history_entry
calls=0 0
0 3 0 0 0 0 1 0 0 0 3 0 0 0 0 1 0 0 0 0 0 0 0 0 0 0 0 0
fl=(3)
fn=(9)
0
cfi=(3)
cfn=(10) xmalloc
calls=0 0
0 3 0 0 0 0 1 0 0 0 3 0 0 0 0 1 0 0 0 0 0 0 0 0 0 0 0 0
fl=(3)
fn=(10)
0
cfi=(3)
cfn=(6)
calls=0 0
0 3 0 0 0 0 1 0 0 0 3 0 0 0 0 1 0 0 0 0 0 0 0 0 0 0 0 0
fl=(3)
fn=(6)
0 3 0 0 0 0 1 0 0 0 3 0 0 0 0 1 0 0 0 0 0 0 0 0 0 0 0 0

fl=(1)
fn=(7)
45
cfi=(3)
cfn=(11) readline
calls=0 0
45 6 0 0 0 0 1 0 0 0 6 0 0 0 0 1 0 0 0 0 0 0 0 0 0 0 0 0
fl=(3)
fn=(11)
0
cfi=(3)
cfn=(12) rl_initialize
calls=0 0
0 6 0 0 0 0 1 0 0 0 6 0 0 0 0 1 0 0 0 0 0 0 0 0 0 0 0 0
fl=(3)
fn=(12)
0
cfi=(3)
cfn=(13) _rl_init_terminal_io
calls=0 0
0 6 0 0 0 0 1 0 0 0 6 0 0 0 0 1 0 0 0 0 0 0 0 0 0 0 0 0
fl=(3)
fn=(13)
0
cfi=(3)
cfn=(14) tgetent_sp
calls=0 0
0 6 0 0 0 0 1 0 0 0 6 0 0 0 0 1 0 0 0 0 0 0 0 0 0 0 0 0
fl=(3)
fn=(14)
0
cfi=(3)
cfn=(15) _nc_setupterm
calls=0 0
0 6 0 0 0 0 1 0 0 0 6 0 0 0 0 1 0 0 0 0 0 0 0 0 0 0 0 0
fl=(3)
fn=(15)
0
cfi=(3)
cfn=(16) UnknownFn???
calls=0 0
0 6 0 0 0 0 1 0 0 0 6 0 0 0 0 1 0 0 0 0 0 0 0 0 0 0 0 0
fl=(3)
fn=(16)
0
cfi=(3)
cfn=(17) _nc_read_entry2
calls=0 0
0 6 0 0 0 0 1 0 0 0 6 0 0 0 0 1 0 0 0 0 0 0 0 0 0 0 0 0
fl=(3)
fn=(17)
0
cfi=(3)
cfn=(18) _nc_first_db
calls=0 0
0 6 0 0 0 0 1 0 0 0 6 0 0 0 0 1 0 0 0 0 0 0 0 0 0 0 0 0
fl=(3)
fn=(18)
0
cfi=(3)
cfn=(16)
calls=0 0
0 6 0 0 0 0 1 0 0 0 6 0 0 0 0 1 0 0 0 0 0 0 0 0 0 0 0 0
fl=(3)
fn=(16)
0
cfi=(4) /build/glibc-LcI20x/glibc-2.31/string/strdup.c
cfn=(19) strdup
calls=0 42
0 6 0 0 0 0 1 0 0 0 6 0 0 0 0 1 0 0 0 0 0 0 0 0 0 0 0 0
fl=(4)
fn=(19)
42
cfi=(3)
cfn=(6)
calls=0 0
42 6 0 0 0 0 1 0 0 0 6 0 0 0 0 1 0 0 0 0 0 0 0 0 0 0 0 0
fl=(3)
fn=(6)
0 6 0 0 0 0 1 0 0 0 6 0 0 0 0 1 0 0 0 0 0 0 0 0 0 0 0 0

fl=(1)
fn=(1)
130
cfi=(1)
cfn=(2)
calls=0 94
130 8 0 0 0 0 1 0 0 0 8 0 0 0 0 1 0 0 0 0 0 0 0 0 0 0 0 0
fl=(1)
fn=(2)
94
cfi=(1)
cfn=(7)
calls=0 45
94 8 0 0 0 0 1 0 0 0 8 0 0 0 0 1 0 0 0 0 0 0 0 0 0 0 0 0
fl=(1)
fn=(7)
45
cfi=(3)
cfn=(11)
calls=0 0
45 8 0 0 0 0 1 0 0 0 8 0 0 0 0 1 0 0 0 0 0 0 0 0 0 0 0 0
fl=(3)
fn=(11)
0
cfi=(3)
cfn=(12)
calls=0 0
0 8 0 0 0 0 1 0 0 0 8 0 0 0 0 1 0 0 0 0 0 0 0 0 0 0 0 0
fl=(3)
fn=(12)
0
cfi=(3)
cfn=(13)
calls=0 0
0 8 0 0 0 0 1 0 0 0 8 0 0 0 0 1 0 0 0 0 0 0 0 0 0 0 0 0
fl=(3)
fn=(13)
0
cfi=(3)
cfn=(14)
calls=0 0
0 8 0 0 0 0 1 0 0 0 8 0 0 0 0 1 0 0 0 0 0 0 0 0 0 0 0 0
fl=(3)
fn=(14)
0
cfi=(3)
cfn=(20) _nc_trim_sgr0
calls=0 0
0 8 0 0 0 0 1 0 0 0 8 0 0 0 0 1 0 0 0 0 0 0 0 0 0 0 0 0
fl=(3)
fn=(20)
0
cfi=(4)
cfn=(19)
calls=0 42
0 8 0 0 0 0 1 0 0 0 8 0 0 0 0 1 0 0 0 0 0 0 0 0 0 0 0 0
fl=(4)
fn=(19)
42
cfi=(3)
cfn=(6)
calls=0 0
42 8 0 0 0 0 1 0 0 0 8 0 0 0 0 1 0 0 0 0 0 0 0 0 0 0 0 0
fl=(3)
fn=(6)
0 8 0 0 0 0 1 0 0 0 8 0 0 0 0 1 0 0 0 0 0 0 0 0 0 0 0 0

fl=(1)
fn=(1)
130
cfi=(1)
cfn=(2)
calls=0 94
130 8 0 0 0 0 1 0 0 0 8 0 0 0 0 1 0 0 0 0 0 0 0 0 0 0 0 0
fl=(1)
fn=(2)
94
cfi=(1)
cfn=(7)
calls=0 45
94 8 0 0 0 0 1 0 0 0 8 0 0 0 0 1 0 0 0 0 0 0 0 0 0 0 0 0
fl=(1)
fn=(7)
45
cfi=(3)
cfn=(11)
calls=0 0
45 8 0 0 0 0 1 0 0 0 8 0 0 0 0 1 0 0 0 0 0 0 0 0 0 0 0 0
fl=(3)
fn=(11)
0
cfi=(3)
cfn=(21) rl_set_prompt
calls=0 0
0 8 0 0 0 0 1 0 0 0 8 0 0 0 0 1 0 0 0 0 0 0 0 0 0 0 0 0
fl=(3)
fn=(21)
0
cfi=(3)
cfn=(22) rl_expand_prompt
calls=0 0
0 8 0 0 0 0 1 0 0 0 8 0 0 0 0 1 0 0 0 0 0 0 0 0 0 0 0 0
fl=(3)
fn=(22)
0
cfi=(3)
cfn=(16)
calls=0 0
0 8 0 0 0 0 1 0 0 0 8 0 0 0 0 1 0 0 0 0 0 0 0 0 0 0 0 0
fl=(3)
fn=(16)
0
cfi=(3)
cfn=(23) xrealloc
calls=0 0
0 8 0 0 0 0 1 0 0 0 8 0 0 0 0 1 0 0 0 0 0 0 0 0 0 0 0 0
fl=(3)
fn=(23)
0
cfi=(3)
cfn=(24) realloc
calls=0 0
0 8 0 0 0 0 1 0 0 0 8 0 0 0 0 1 0 0 0 0 0 0 0 0 0 0 0 0
fl=(3)
fn=(24)
0 8 0 0 0 0 1 0 0 0 8 0 0 0 0 1 0 0 0 0 0 0 0 0 0 0 0 0

fl=(1)
fn=(1)
130
cfi=(1)
cfn=(2)
calls=0 94
130 12 0 0 0 0 1 0 0 0 12 0 0 0 0 1 0 0 0 0 0 0 0 0 0 0 0 0
fl=(1)
fn=(2)
94
cfi=(1)
cfn=(7)
calls=0 51
94 12 0 0 0 0 1 0 0 0 12 0 0 0 0 1 0 0 0 0 0 0 0 0 0 0 0 0
fl=(1)
fn=(7)
51
cfi=(3)
cfn=(8)
calls=0 0
51 12 0 0 0 0 1 0 0 0 12 0 0 0 0 1 0 0 0 0 0 0 0 0 0 0 0 0
fl=(3)
fn=(8)
0
cfi=(3)
cfn=(10)
calls=0 0
0 12 0 0 0 0 1 0 0 0 12 0 0 0 0 1 0 0 0 0 0 0 0 0 0 0 0 0
fl=(3)
fn=(10)
0
cfi=(3)
cfn=(6)
calls=0 0
0 12 0 0 0 0 1 0 0 0 12 0 0 0 0 1 0 0 0 0 0 0 0 0 0 0 0 0
fl=(3)
fn=(6)
0 12 0 0 0 0 1 0 0 0 12 0 0 0 0 1 0 0 0 0 0 0 0 0 0 0 0 0

fl=(1)
fn=(1)
130
cfi=(1)
cfn=(2)
calls=0 94
130 13 0 0 0 0 1 0 0 0 13 0 0 0 0 1 0 0 0 0 0 0 0 0 0 0 0 0
fl=(1)
fn=(2)
94
cfi=(1)
cfn=(7)
calls=0 45
94 13 0 0 0 0 1 0 0 0 13 0 0 0 0 1 0 0 0 0 0 0 0 0 0 0 0 0
fl=(1)
fn=(7)
45
cfi=(3)
cfn=(11)
calls=0 0
45 13 0 0 0 0 1 0 0 0 13 0 0 0 0 1 0 0 0 0 0 0 0 0 0 0 0 0
fl=(3)
fn=(11)
0
cfi=(3)
cfn=(12)
calls=0 0
0 13 0 0 0 0 1 0 0 0 13 0 0 0 0 1 0 0 0 0 0 0 0 0 0 0 0 0
fl=(3)
fn=(12)
0
cfi=(3)
cfn=(16)
calls=0 0
0 13 0 0 0 0 1 0 0 0 13 0 0 0 0 1 0 0 0 0 0 0 0 0 0 0 0 0
fl=(3)
fn=(16)
0
cfi=(3)
cfn=(10)
calls=0 0
0 13 0 0 0 0 1 0 0 0 13 0 0 0 0 1 0 0 0 0 0 0 0 0 0 0 0 0
fl=(3)
fn=(10)
0
cfi=(3)
cfn=(6)
calls=0 0
0 13 0 0 0 0 1 0 0 0 13 0 0 0 0 1 0 0 0 0 0 0 0 0 0 0 0 0
fl=(3)
fn=(6)
0 13 0 0 0 0 1 0 0 0 13 0 0 0 0 1 0 0 0 0 0 0 0 0 0 0 0 0

fl=(1)
fn=(1)
130
cfi=(1)
cfn=(2)
calls=0 94
130 14 0 0 0 0 1 0 0 0 14 0 0 0 0 1 0 0 0 0 0 0 0 0 0 0 0 0
fl=(1)
fn=(2)
94
cfi=(1)
cfn=(7)
calls=0 45
94 14 0 0 0 0 1 0 0 0 14 0 0 0 0 1 0 0 0 0 0 0 0 0 0 0 0 0
fl=(1)
fn=(7)
45
cfi=(3)
cfn=(11)
calls=0 0
45 14 0 0 0 0 1 0 0 0 14 0 0 0 0 1 0 0 0 0 0 0 0 0 0 0 0 0
fl=(3)
fn=(11)
0
cfi=(3)
cfn=(12)
calls=0 0
0 14 0 0 0 0 1 0 0 0 14 0 0 0 0 1 0 0 0 0 0 0 0 0 0 0 0 0
fl=(3)
fn=(12)
0
cfi=(3)
cfn=(13)
calls=0 0
0 14 0 0 0 0 1 0 0 0 14 0 0 0 0 1 0 0 0 0 0 0 0 0 0 0 0 0
fl=(3)
fn=(13)
0
cfi=(3)
cfn=(14)
calls=0 0
0 14 0 0 0 0 1 0 0 0 14 0 0 0 0 1 0 0 0 0 0 0 0 0 0 0 0 0
fl=(3)
fn=(14)
0
cfi=(3)
cfn=(20)
calls=0 0
0 14 0 0 0 0 1 0 0 0 14 0 0 0 0 1 0 0 0 0 0 0 0 0 0 0 0 0
fl=(3)
fn=(20)
0
cfi=(3)
cfn=(16)
calls=0 0
0 14 0 0 0 0 1 0 0 0 14 0 0 0 0 1 0 0 0 0 0 0 0 0 0 0 0 0
fl=(3)
fn=(16)
0
cfi=(3)
cfn=(25) tparm
calls=0 0
0 14 0 0 0 0 1 0 0 0 14 0 0 0 0 1 0 0 0 0 0 0 0 0 0 0 0 0
fl=(3)
fn=(25)
0
cfi=(3)
cfn=(26) _nc_doalloc
calls=0 0
0 14 0 0 0 0 1 0 0 0 14 0 0 0 0 1 0 0 0 0 0 0 0 0 0 0 0 0
fl=(3)
fn=(26)
0
cfi=(3)
cfn=(24)
calls=0 0
0 14 0 0 0 0 1 0 0 0 14 0 0 0 0 1 0 0 0 0 0 0 0 0 0 0 0 0
fl=(3)
fn=(24)
0 14 0 0 0 0 1 0 0 0 14 0 0 0 0 1 0 0 0 0 0 0 0 0 0 0 0 0

fl=(1)
fn=(1)
130
cfi=(1)
cfn=(2)
calls=0 94
130 15 0 0 0 0 1 0 0 0 15 0 0 0 0 1 0 0 0 0 0 0 0 0 0 0 0 0
fl=(1)
fn=(2)
94
cfi=(1)
cfn=(7)
calls=0 45
94 15 0 0 0 0 1 0 0 0 15 0 0 0 0 1 0 0 0 0 0 0 0 0 0 0 0 0
fl=(1)
fn=(7)
45
cfi=(3)
cfn=(11)
calls=0 0
45 15 0 0 0 0 1 0 0 0 15 0 0 0 0 1 0 0 0 0 0 0 0 0 0 0 0 0
fl=(3)
fn=(11)
0
cfi=(3)
cfn=(12)
calls=0 0
0 15 0 0 0 0 1 0 0 0 15 0 0 0 0 1 0 0 0 0 0 0 0 0 0 0 0 0
fl=(3)
fn=(12)
0
cfi=(3)
cfn=(13)
calls=0 0
0 15 0 0 0 0 1 0 0 0 15 0 0 0 0 1 0 0 0 0 0 0 0 0 0 0 0 0
fl=(3)
fn=(13)
0
cfi=(3)
cfn=(14)
calls=0 0
0 15 0 0 0 0 1 0 0 0 15 0 0 0 0 1 0 0 0 0 0 0 0 0 0 0 0 0
fl=(3)
fn=(14)
0
cfi=(3)
cfn=(15)
calls=0 0
0 15 0 0 0 0 1 0 0 0 15 0 0 0 0 1 0 0 0 0 0 0 0 0 0 0 0 0
fl=(3)
fn=(15)
0
cfi=(4)
cfn=(19)
calls=0 42
0 15 0 0 0 0 1 0 0 0 15 0 0 0 0 1 0 0 0 0 0 0 0 0 0 0 0 0
fl=(4)
fn=(19)
42
cfi=(3)
cfn=(6)
calls=0 0
42 15 0 0 0 0 1 0 0 0 15 0 0 0 0 1 0 0 0 0 0 0 0 0 0 0 0 0
fl=(3)
fn=(6)
0 15 0 0 0 0 1 0 0 0 15 0 0 0 0 1 0 0 0 0 0 0 0 0 0 0 0 0

fl=(1)
fn=(1)
130
cfi=(1)
cfn=(2)
calls=0 94
130 16 0 0 0 0 1 0 0 0 16 0 0 0 0 1 0 0 0 0 0 0 0 0 0 0 0 0
fl=(1)
fn=(2)
94
cfi=(1)
cfn=(7)
calls=0 45
94 16 0 0 0 0 1 0 0 0 16 0 0 0 0 1 0 0 0 0 0 0 0 0 0 0 0 0
fl=(1)
fn=(7)
45
cfi=(3)
cfn=(11)
calls=0 0
45 16 0 0 0 0 1 0 0 0 16 0 0 0 0 1 0 0 0 0 0 0 0 0 0 0 0 0
fl=(3)
fn=(11)
0
cfi=(3)
cfn=(12)
calls=0 0
0 16 0 0 0 0 1 0 0 0 16 0 0 0 0 1 0 0 0 0 0 0 0 0 0 0 0 0
fl=(3)
fn=(12)
0
cfi=(3)
cfn=(6)
calls=0 0
0 16 0 0 0 0 1 0 0 0 16 0 0 0 0 1 0 0 0 0 0 0 0 0 0 0 0 0
fl=(3)
fn=(6)
0 16 0 0 0 0 1 0 0 0 16 0 0 0 0 1 0 0 0 0 0 0 0 0 0 0 0 0

fl=(1)
fn=(2)
94
cfi=(1)
cfn=(7)
calls=0 45
94 18 0 0 0 0 1 0 0 0 18 0 0 0 0 1 0 0 0 0 0 0 0 0 0 0 0 0
fl=(1)
fn=(7)
45
cfi=(3)
cfn=(11)
calls=0 0
45 18 0 0 0 0 1 0 0 0 18 0 0 0 0 1 0 0 0 0 0 0 0 0 0 0 0 0
fl=(3)
fn=(11)
0
cfi=(3)
cfn=(12)
calls=0 0
0 18 0 0 0 0 1 0 0 0 18 0 0 0 0 1 0 0 0 0 0 0 0 0 0 0 0 0
fl=(3)
fn=(12)
0
cfi=(3)
cfn=(13)
calls=0 0
0 18 0 0 0 0 1 0 0 0 18 0 0 0 0 1 0 0 0 0 0 0 0 0 0 0 0 0
fl=(3)
fn=(13)
0
cfi=(3)
cfn=(14)
calls=0 0
0 18 0 0 0 0 1 0 0 0 18 0 0 0 0 1 0 0 0 0 0 0 0 0 0 0 0 0
fl=(3)
fn=(14)
0
cfi=(3)
cfn=(15)
calls=0 0
0 18 0 0 0 0 1 0 0 0 18 0 0 0 0 1 0 0 0 0 0 0 0 0 0 0 0 0
fl=(3)
fn=(15)
0
cfi=(3)
cfn=(16)
calls=0 0
0 18 0 0 0 0 1 0 0 0 18 0 0 0 0 1 0 0 0 0 0 0 0 0 0 0 0 0
fl=(3)
fn=(16)
0
cfi=(3)
cfn=(17)
calls=0 0
0 18 0 0 0 0 1 0 0 0 18 0 0 0 0 1 0 0 0 0 0 0 0 0 0 0 0 0
fl=(3)
fn=(17)
0
cfi=(3)
cfn=(18)
calls=0 0
0 18 0 0 0 0 1 0 0 0 18 0 0 0 0 1 0 0 0 0 0 0 0 0 0 0 0 0
fl=(3)
fn=(18)
0
cfi=(3)
cfn=(27) _nc_home_terminfo
calls=0 0
0 18 0 0 0 0 1 0 0 0 18 0 0 0 0 1 0 0 0 0 0 0 0 0 0 0 0 0
fl=(3)
fn=(27)
0
cfi=(3)
cfn=(6)
calls=0 0
0 18 0 0 0 0 1 0 0 0 18 0 0 0 0 1 0 0 0 0 0 0 0 0 0 0 0 0
fl=(3)
fn=(6)
0 18 0 0 0 0 1 0 0 0 18 0 0 0 0 1 0 0 0 0 0 0 0 0 0 0 0 0

fl=(1)
fn=(1)
130
cfi=(1)
cfn=(2)
calls=0 94
130 20 0 0 0 0 1 0 0 0 20 0 0 0 0 1 0 0 0 0 0 0 0 0 0 0 0 0
fl=(1)
fn=(2)
94
cfi=(1)
cfn=(7)
calls=0 45
94 20 0 0 0 0 1 0 0 0 20 0 0 0 0 1 0 0 0 0 0 0 0 0 0 0 0 0
fl=(1)
fn=(7)
45
cfi=(3)
cfn=(11)
calls=0 0
45 20 0 0 0 0 1 0 0 0 20 0 0 0 0 1 0 0 0 0 0 0 0 0 0 0 0 0
fl=(3)
fn=(11)
0
cfi=(3)
cfn=(12)
calls=0 0
0 20 0 0 0 0 1 0 0 0 20 0 0 0 0 1 0 0 0 0 0 0 0 0 0 0 0 0
fl=(3)
fn=(12)
0
cfi=(3)
cfn=(16)
calls=0 0
0 20 0 0 0 0 1 0 0 0 20 0 0 0 0 1 0 0 0 0 0 0 0 0 0 0 0 0
fl=(3)
fn=(16)
0
cfi=(3)
cfn=(28) rl_parse_and_bind
calls=0 0
0 20 0 0 0 0 1 0 0 0 20 0 0 0 0 1 0 0 0 0 0 0 0 0 0 0 0 0
fl=(3)
fn=(28)
0
cfi=(3)
cfn=(16)
calls=0 0
0 20 0 0 0 0 1 0 0 0 20 0 0 0 0 1 0 0 0 0 0 0 0 0 0 0 0 0
fl=(3)
fn=(16)
0
cfi=(3)
cfn=(10)
calls=0 0
0 20 0 0 0 0 1 0 0 0 20 0 0 0 0 1 0 0 0 0 0 0 0 0 0 0 0 0
fl=(3)
fn=(10)
0
cfi=(3)
cfn=(6)
calls=0 0
0 20 0 0 0 0 1 0 0 0 20 0 0 0 0 1 0 0 0 0 0 0 0 0 0 0 0 0
fl=(3)
fn=(6)
0 20 0 0 0 0 1 0 0 0 20 0 0 0 0 1 0 0 0 0 0 0 0 0 0 0 0 0

fl=(1)
fn=(1)
130
cfi=(1)
cfn=(2)
calls=0 94
130 24 0 0 0 0 1 0 0 0 24 0 0 0 0 1 0 0 0 0 0 0 0 0 0 0 0 0
fl=(1)
fn=(2)
94
cfi=(1)
cfn=(7)
calls=0 51
94 24 0 0 0 0 1 0 0 0 24 0 0 0 0 1 0 0 0 0 0 0 0 0 0 0 0 0
fl=(1)
fn=(7)
51
cfi=(3)
cfn=(8)
calls=0 0
51 24 0 0 0 0 1 0 0 0 24 0 0 0 0 1 0 0 0 0 0 0 0 0 0 0 0 0
fl=(3)
fn=(8)
0
cfi=(3)
cfn=(9)
calls=0 0
0 24 0 0 0 0 1 0 0 0 24 0 0 0 0 1 0 0 0 0 0 0 0 0 0 0 0 0
fl=(3)
fn=(9)
0
cfi=(3)
cfn=(10)
calls=0 0
0 24 0 0 0 0 1 0 0 0 24 0 0 0 0 1 0 0 0 0 0 0 0 0 0 0 0 0
fl=(3)
fn=(10)
0
cfi=(3)
cfn=(6)
calls=0 0
0 24 0 0 0 0 1 0 0 0 24 0 0 0 0 1 0 0 0 0 0 0 0 0 0 0 0 0
fl=(3)
fn=(6)
0 24 0 0 0 0 1 0 0 0 24 0 0 0 0 1 0 0 0 0 0 0 0 0 0 0 0 0

fl=(1)
fn=(1)
130
cfi=(1)
cfn=(2)
calls=0 91
130 38 0 0 0 0 1 0 0 0 38 0 0 0 0 1 0 0 0 0 0 0 0 0 0 0 0 0
fl=(1)
fn=(2)
91
cfi=(1)
cfn=(29) get_prompt
calls=0 30
91 38 0 0 0 0 1 0 0 0 38 0 0 0 0 1 0 0 0 0 0 0 0 0 0 0 0 0
fl=(1)
fn=(29)
30
cfi=(3)
cfn=(6)
calls=0 0
30 38 0 0 0 0 1 0 0 0 38 0 0 0 0 1 0 0 0 0 0 0 0 0 0 0 0 0
fl=(3)
fn=(6)
0 38 0 0 0 0 1 0 0 0 38 0 0 0 0 1 0 0 0 0 0 0 0 0 0 0 0 0

fl=(1)
fn=(1)
130
cfi=(1)
cfn=(2)
calls=0 94
130 38 0 0 0 0 1 0 0 0 38 0 0 0 0 1 0 0 0 0 0 0 0 0 0 0 0 0
fl=(1)
fn=(2)
94
cfi=(1)
cfn=(7)
calls=0 45
94 38 0 0 0 0 1 0 0 0 38 0 0 0 0 1 0 0 0 0 0 0 0 0 0 0 0 0
fl=(1)
fn=(7)
45
cfi=(3)
cfn=(11)
calls=0 0
45 38 0 0 0 0 1 0 0 0 38 0 0 0 0 1 0 0 0 0 0 0 0 0 0 0 0 0
fl=(3)
fn=(11)
0
cfi=(3)
cfn=(21)
calls=0 0
0 38 0 0 0 0 1 0 0 0 38 0 0 0 0 1 0 0 0 0 0 0 0 0 0 0 0 0
fl=(3)
fn=(21)
0
cfi=(3)
cfn=(10)
calls=0 0
0 38 0 0 0 0 1 0 0 0 38 0 0 0 0 1 0 0 0 0 0 0 0 0 0 0 0 0
fl=(3)
fn=(10)
0
cfi=(3)
cfn=(6)
calls=0 0
0 38 0 0 0 0 1 0 0 0 38 0 0 0 0 1 0 0 0 0 0 0 0 0 0 0 0 0
fl=(3)
fn=(6)
0 38 0 0 0 0 1 0 0 0 38 0 0 0 0 1 0 0 0 0 0 0 0 0 0 0 0 0

fl=(1)
fn=(1)
130
cfi=(1)
cfn=(2)
calls=0 94
130 38 0 0 0 0 1 0 0 0 38 0 0 0 0 1 0 0 0 0 0 0 0 0 0 0 0 0
fl=(1)
fn=(2)
94
cfi=(1)
cfn=(7)
calls=0 45
94 38 0 0 0 0 1 0 0 0 38 0 0 0 0 1 0 0 0 0 0 0 0 0 0 0 0 0
fl=(1)
fn=(7)
45
cfi=(3)
cfn=(11)
calls=0 0
45 38 0 0 0 0 1 0 0 0 38 0 0 0 0 1 0 0 0 0 0 0 0 0 0 0 0 0
fl=(3)
fn=(11)
0
cfi=(3)
cfn=(21)
calls=0 0
0 38 0 0 0 0 1 0 0 0 38 0 0 0 0 1 0 0 0 0 0 0 0 0 0 0 0 0
fl=(3)
fn=(21)
0
cfi=(3)
cfn=(22)
calls=0 0
0 38 0 0 0 0 1 0 0 0 38 0 0 0 0 1 0 0 0 0 0 0 0 0 0 0 0 0
fl=(3)
fn=(22)
0
cfi=(3)
cfn=(16)
calls=0 0
0 38 0 0 0 0 1 0 0 0 38 0 0 0 0 1 0 0 0 0 0 0 0 0 0 0 0 0
fl=(3)
fn=(16)
0
cfi=(3)
cfn=(10)
calls=0 0
0 38 0 0 0 0 1 0 0 0 38 0 0 0 0 1 0 0 0 0 0 0 0 0 0 0 0 0
fl=(3)
fn=(10)
0
cfi=(3)
cfn=(6)
calls=0 0
0 38 0 0 0 0 1 0 0 0 38 0 0 0 0 1 0 0 0 0 0 0 0 0 0 0 0 0
fl=(3)
fn=(6)
0 38 0 0 0 0 1 0 0 0 38 0 0 0 0 1 0 0 0 0 0 0 0 0 0 0 0 0

fl=(3)
fn=(11)
0
cfi=(3)
cfn=(12)
calls=0 0
0 46 0 0 0 0 1 0 0 0 46 0 0 0 0 1 0 0 0 0 0 0 0 0 0 0 0 0
fl=(3)
fn=(12)
0
cfi=(3)
cfn=(13)
calls=0 0
0 46 0 0 0 0 1 0 0 0 46 0 0 0 0 1 0 0 0 0 0 0 0 0 0 0 0 0
fl=(3)
fn=(13)
0
cfi=(3)
cfn=(14)
calls=0 0
0 46 0 0 0 0 1 0 0 0 46 0 0 0 0 1 0 0 0 0 0 0 0 0 0 0 0 0
fl=(3)
fn=(14)
0
cfi=(3)
cfn=(15)
calls=0 0
0 46 0 0 0 0 1 0 0 0 46 0 0 0 0 1 0 0 0 0 0 0 0 0 0 0 0 0
fl=(3)
fn=(15)
0
cfi=(3)
cfn=(16)
calls=0 0
0 46 0 0 0 0 1 0 0 0 46 0 0 0 0 1 0 0 0 0 0 0 0 0 0 0 0 0
fl=(3)
fn=(16)
0
cfi=(3)
cfn=(17)
calls=0 0
0 46 0 0 0 0 1 0 0 0 46 0 0 0 0 1 0 0 0 0 0 0 0 0 0 0 0 0
fl=(3)
fn=(17)
0
cfi=(3)
cfn=(16)
calls=0 0
0 46 0 0 0 0 1 0 0 0 46 0 0 0 0 1 0 0 0 0 0 0 0 0 0 0 0 0
fl=(3)
fn=(16)
0
cfi=(3)
cfn=(16)
calls=0 0
0 46 0 0 0 0 1 0 0 0 46 0 0 0 0 1 0 0 0 0 0 0 0 0 0 0 0 0
fl=(3)
fn=(16)
0
cfi=(3)
cfn=(30) _nc_read_termtype
calls=0 0
0 46 0 0 0 0 1 0 0 0 46 0 0 0 0 1 0 0 0 0 0 0 0 0 0 0 0 0
fl=(3)
fn=(30)
0
cfi=(3)
cfn=(26)
calls=0 0
0 46 0 0 0 0 1 0 0 0 46 0 0 0 0 1 0 0 0 0 0 0 0 0 0 0 0 0
fl=(3)
fn=(26)
0
cfi=(3)
cfn=(24)
calls=0 0
0 46 0 0 0 0 1 0 0 0 46 0 0 0 0 1 0 0 0 0 0 0 0 0 0 0 0 0
fl=(3)
fn=(24)
0 46 0 0 0 0 1 0 0 0 46 0 0 0 0 1 0 0 0 0 0 0 0 0 0 0 0 0

fl=(1)
fn=(1)
130
cfi=(1)
cfn=(2)
calls=0 94
130 46 0 0 0 0 1 0 0 0 46 0 0 0 0 1 0 0 0 0 0 0 0 0 0 0 0 0
fl=(1)
fn=(2)
94
cfi=(1)
cfn=(7)
calls=0 45
94 46 0 0 0 0 1 0 0 0 46 0 0 0 0 1 0 0 0 0 0 0 0 0 0 0 0 0
fl=(1)
fn=(7)
45
cfi=(3)
cfn=(11)
calls=0 0
45 46 0 0 0 0 1 0 0 0 46 0 0 0 0 1 0 0 0 0 0 0 0 0 0 0 0 0
fl=(3)
fn=(11)
0
cfi=(3)
cfn=(12)
calls=0 0
0 46 0 0 0 0 1 0 0 0 46 0 0 0 0 1 0 0 0 0 0 0 0 0 0 0 0 0
fl=(3)
fn=(12)
0
cfi=(3)
cfn=(13)
calls=0 0
0 46 0 0 0 0 1 0 0 0 46 0 0 0 0 1 0 0 0 0 0 0 0 0 0 0 0 0
fl=(3)
fn=(13)
0
cfi=(3)
cfn=(14)
calls=0 0
0 46 0 0 0 0 1 0 0 0 46 0 0 0 0 1 0 0 0 0 0 0 0 0 0 0 0 0
fl=(3)
fn=(14)
0
cfi=(3)
cfn=(15)
calls=0 0
0 46 0 0 0 0 1 0 0 0 46 0 0 0 0 1 0 0 0 0 0 0 0 0 0 0 0 0
fl=(3)
fn=(15)
0
cfi=(3)
cfn=(16)
calls=0 0
0 46 0 0 0 0 1 0 0 0 46 0 0 0 0 1 0 0 0 0 0 0 0 0 0 0 0 0
fl=(3)
fn=(16)
0
cfi=(3)
cfn=(6)
calls=0 0
0 46 0 0 0 0 1 0 0 0 46 0 0 0 0 1 0 0 0 0 0 0 0 0 0 0 0 0
fl=(3)
fn=(6)
0 46 0 0 0 0 1 0 0 0 46 0 0 0 0 1 0 0 0 0 0 0 0 0 0 0 0 0

fl=(1)
fn=(1)
130
cfi=(1)
cfn=(2)
calls=0 94
130 48 0 0 0 0 1 0 0 0 48 0 0 0 0 1 0 0 0 0 0 0 0 0 0 0 0 0
fl=(1)
fn=(2)
94
cfi=(1)
cfn=(7)
calls=0 45
94 48 0 0 0 0 1 0 0 0 48 0 0 0 0 1 0 0 0 0 0 0 0 0 0 0 0 0
fl=(1)
fn=(7)
45
cfi=(3)
cfn=(11)
calls=0 0
45 48 0 0 0 0 1 0 0 0 48 0 0 0 0 1 0 0 0 0 0 0 0 0 0 0 0 0
fl=(3)
fn=(11)
0
cfi=(3)
cfn=(12)
calls=0 0
0 48 0 0 0 0 1 0 0 0 48 0 0 0 0 1 0 0 0 0 0 0 0 0 0 0 0 0
fl=(3)
fn=(12)
0
cfi=(3)
cfn=(13)
calls=0 0
0 48 0 0 0 0 1 0 0 0 48 0 0 0 0 1 0 0 0 0 0 0 0 0 0 0 0 0
fl=(3)
fn=(13)
0
cfi=(3)
cfn=(14)
calls=0 0
0 48 0 0 0 0 1 0 0 0 48 0 0 0 0 1 0 0 0 0 0 0 0 0 0 0 0 0
fl=(3)
fn=(14)
0
cfi=(3)
cfn=(15)
calls=0 0
0 48 0 0 0 0 1 0 0 0 48 0 0 0 0 1 0 0 0 0 0 0 0 0 0 0 0 0
fl=(3)
fn=(15)
0
cfi=(3)
cfn=(16)
calls=0 0
0 48 0 0 0 0 1 0 0 0 48 0 0 0 0 1 0 0 0 0 0 0 0 0 0 0 0 0
fl=(3)
fn=(16)
0
cfi=(3)
cfn=(17)
calls=0 0
0 48 0 0 0 0 1 0 0 0 48 0 0 0 0 1 0 0 0 0 0 0 0 0 0 0 0 0
fl=(3)
fn=(17)
0
cfi=(3)
cfn=(18)
calls=0 0
0 48 0 0 0 0 1 0 0 0 48 0 0 0 0 1 0 0 0 0 0 0 0 0 0 0 0 0
fl=(3)
fn=(18)
0
cfi=(3)
cfn=(31) calloc
calls=0 0
0 48 0 0 0 0 1 0 0 0 48 0 0 0 0 1 0 0 0 0 0 0 0 0 0 0 0 0
fl=(3)
fn=(31)
0 48 0 0 0 0 1 0 0 0 48 0 0 0 0 1 0 0 0 0 0 0 0 0 0 0 0 0

fl=(1)
fn=(1)
130
cfi=(1)
cfn=(2)
calls=0 97
130 0 0 0 50 2 0 0 0 1 0 0 0 50 2 0 0 0 1 0 0 0 0 0 0 0 0 0
fl=(1)
fn=(2)
97
cfi=(2)
cfn=(3)
calls=0 75
97 0 0 0 50 2 0 0 0 1 0 0 0 50 2 0 0 0 1 0 0 0 0 0 0 0 0 0
fl=(2)
fn=(3)
75
cfi=(2)
cfn=(4)
calls=0 21
75 0 0 0 50 2 0 0 0 1 0 0 0 50 2 0 0 0 1 0 0 0 0 0 0 0 0 0
fl=(2)
fn=(4)
21
cfi=(3)
cfn=(6)
calls=0 0
21 0 0 0 50 2 0 0 0 1 0 0 0 50 2 0 0 0 1 0 0 0 0 0 0 0 0 0
fl=(3)
fn=(6)
0 0 0 0 50 2 0 0 0 1 0 0 0 50 2 0 0 0 1 0 0 0 0 0 0 0 0 0

fl=(1)
fn=(1)
130
cfi=(1)
cfn=(2)
calls=0 94
130 78 0 0 0 0 1 0 0 0 78 0 0 0 0 1 0 0 0 0 0 0 0 0 0 0 0 0
fl=(1)
fn=(2)
94
cfi=(1)
cfn=(7)
calls=0 45
94 78 0 0 0 0 1 0 0 0 78 0 0 0 0 1 0 0 0 0 0 0 0 0 0 0 0 0
fl=(1)
fn=(7)
45
cfi=(3)
cfn=(11)
calls=0 0
45 78 0 0 0 0 1 0 0 0 78 0 0 0 0 1 0 0 0 0 0 0 0 0 0 0 0 0
fl=(3)
fn=(11)
0
cfi=(3)
cfn=(12)
calls=0 0
0 78 0 0 0 0 1 0 0 0 78 0 0 0 0 1 0 0 0 0 0 0 0 0 0 0 0 0
fl=(3)
fn=(12)
0
cfi=(3)
cfn=(13)
calls=0 0
0 78 0 0 0 0 1 0 0 0 78 0 0 0 0 1 0 0 0 0 0 0 0 0 0 0 0 0
fl=(3)
fn=(13)
0
cfi=(3)
cfn=(14)
calls=0 0
0 78 0 0 0 0 1 0 0 0 78 0 0 0 0 1 0 0 0 0 0 0 0 0 0 0 0 0
fl=(3)
fn=(14)
0
cfi=(3)
cfn=(15)
calls=0 0
0 78 0 0 0 0 1 0 0 0 78 0 0 0 0 1 0 0 0 0 0 0 0 0 0 0 0 0
fl=(3)
fn=(15)
0
cfi=(3)
cfn=(16)
calls=0 0
0 78 0 0 0 0 1 0 0 0 78 0 0 0 0 1 0 0 0 0 0 0 0 0 0 0 0 0
fl=(3)
fn=(16)
0
cfi=(3)
cfn=(6)
calls=0 0
0 78 0 0 0 0 1 0 0 0 78 0 0 0 0 1 0 0 0 0 0 0 0 0 0 0 0 0
fl=(3)
fn=(6)
0 78 0 0 0 0 1 0 0 0 78 0 0 0 0 1 0 0 0 0 0 0 0 0 0 0 0 0

fl=(1)
fn=(1)
130
cfi=(1)
cfn=(2)
calls=0 94
130 87 0 0 0 0 1 0 0 0 87 0 0 0 0 1 0 0 0 0 0 0 0 0 0 0 0 0
fl=(1)
fn=(2)
94
cfi=(1)
cfn=(7)
calls=0 45
94 87 0 0 0 0 1 0 0 0 87 0 0 0 0 1 0 0 0 0 0 0 0 0 0 0 0 0
fl=(1)
fn=(7)
45
cfi=(3)
cfn=(11)
calls=0 0
45 87 0 0 0 0 1 0 0 0 87 0 0 0 0 1 0 0 0 0 0 0 0 0 0 0 0 0
fl=(3)
fn=(11)
0
cfi=(3)
cfn=(12)
calls=0 0
0 87 0 0 0 0 1 0 0 0 87 0 0 0 0 1 0 0 0 0 0 0 0 0 0 0 0 0
fl=(3)
fn=(12)
0
cfi=(3)
cfn=(13)
calls=0 0
0 87 0 0 0 0 1 0 0 0 87 0 0 0 0 1 0 0 0 0 0 0 0 0 0 0 0 0
fl=(3)
fn=(13)
0
cfi=(3)
cfn=(14)
calls=0 0
0 87 0 0 0 0 1 0 0 0 87 0 0 0 0 1 0 0 0 0 0 0 0 0 0 0 0 0
fl=(3)
fn=(14)
0
cfi=(3)
cfn=(15)
calls=0 0
0 87 0 0 0 0 1 0 0 0 87 0 0 0 0 1 0 0 0 0 0 0 0 0 0 0 0 0
fl=(3)
fn=(15)
0
cfi=(3)
cfn=(16)
calls=0 0
0 87 0 0 0 0 1 0 0 0 87 0 0 0 0 1 0 0 0 0 0 0 0 0 0 0 0 0
fl=(3)
fn=(16)
0
cfi=(3)
cfn=(17)
calls=0 0
0 87 0 0 0 0 1 0 0 0 87 0 0 0 0 1 0 0 0 0 0 0 0 0 0 0 0 0
fl=(3)
fn=(17)
0
cfi=(3)
cfn=(18)
calls=0 0
0 87 0 0 0 0 1 0 0 0 87 0 0 0 0 1 0 0 0 0 0 0 0 0 0 0 0 0
fl=(3)
fn=(18)
0
cfi=(3)
cfn=(6)
calls=0 0
0 87 0 0 0 0 1 0 0 0 87 0 0 0 0 1 0 0 0 0 0 0 0 0 0 0 0 0
fl=(3)
fn=(6)
0 87 0 0 0 0 1 0 0 0 87 0 0 0 0 1 0 0 0 0 0 0 0 0 0 0 0 0

fl=(1)
fn=(1)
130
cfi=(1)
cfn=(2)
calls=0 94
130 94 0 0 0 0 1 0 0 0 94 0 0 0 0 1 0 0 0 0 0 0 0 0 0 0 0 0
fl=(1)
fn=(2)
94
cfi=(1)
cfn=(7)
calls=0 45
94 94 0 0 0 0 1 0 0 0 94 0 0 0 0 1 0 0 0 0 0 0 0 0 0 0 0 0
fl=(1)
fn=(7)
45
cfi=(3)
cfn=(11)
calls=0 0
45 94 0 0 0 0 1 0 0 0 94 0 0 0 0 1 0 0 0 0 0 0 0 0 0 0 0 0
fl=(3)
fn=(11)
0
cfi=(3)
cfn=(12)
calls=0 0
0 94 0 0 0 0 1 0 0 0 94 0 0 0 0 1 0 0 0 0 0 0 0 0 0 0 0 0
fl=(3)
fn=(12)
0
cfi=(3)
cfn=(13)
calls=0 0
0 94 0 0 0 0 1 0 0 0 94 0 0 0 0 1 0 0 0 0 0 0 0 0 0 0 0 0
fl=(3)
fn=(13)
0
cfi=(3)
cfn=(14)
calls=0 0
0 94 0 0 0 0 1 0 0 0 94 0 0 0 0 1 0 0 0 0 0 0 0 0 0 0 0 0
fl=(3)
fn=(14)
0
cfi=(3)
cfn=(20)
calls=0 0
0 94 0 0 0 0 1 0 0 0 94 0 0 0 0 1 0 0 0 0 0 0 0 0 0 0 0 0
fl=(3)
fn=(20)
0
cfi=(3)
cfn=(16)
calls=0 0
0 94 0 0 0 0 1 0 0 0 94 0 0 0 0 1 0 0 0 0 0 0 0 0 0 0 0 0
fl=(3)
fn=(16)
0
cfi=(3)
cfn=(25)
calls=0 0
0 94 0 0 0 0 1 0 0 0 94 0 0 0 0 1 0 0 0 0 0 0 0 0 0 0 0 0
fl=(3)
fn=(25)
0
cfi=(3)
cfn=(32) _nc_tparm_analyze
calls=0 0
0 94 0 0 0 0 1 0 0 0 94 0 0 0 0 1 0 0 0 0 0 0 0 0 0 0 0 0
fl=(3)
fn=(32)
0
cfi=(3)
cfn=(6)
calls=0 0
0 94 0 0 0 0 1 0 0 0 94 0 0 0 0 1 0 0 0 0 0 0 0 0 0 0 0 0
fl=(3)
fn=(6)
0 94 0 0 0 0 1 0 0 0 94 0 0 0 0 1 0 0 0 0 0 0 0 0 0 0 0 0

fl=(3)
fn=(11)
0
cfi=(3)
cfn=(12)
calls=0 0
0 156 0 0 0 0 1 0 0 0 156 0 0 0 0 1 0 0 0 0 0 0 0 0 0 0 0 0
fl=(3)
fn=(12)
0
cfi=(3)
cfn=(13)
calls=0 0
0 156 0 0 0 0 1 0 0 0 156 0 0 0 0 1 0 0 0 0 0 0 0 0 0 0 0 0
fl=(3)
fn=(13)
0
cfi=(3)
cfn=(14)
calls=0 0
0 156 0 0 0 0 1 0 0 0 156 0 0 0 0 1 0 0 0 0 0 0 0 0 0 0 0 0
fl=(3)
fn=(14)
0
cfi=(3)
cfn=(15)
calls=0 0
0 156 0 0 0 0 1 0 0 0 156 0 0 0 0 1 0 0 0 0 0 0 0 0 0 0 0 0
fl=(3)
fn=(15)
0
cfi=(3)
cfn=(16)
calls=0 0
0 156 0 0 0 0 1 0 0 0 156 0 0 0 0 1 0 0 0 0 0 0 0 0 0 0 0 0
fl=(3)
fn=(16)
0
cfi=(3)
cfn=(17)
calls=0 0
0 156 0 0 0 0 1 0 0 0 156 0 0 0 0 1 0 0 0 0 0 0 0 0 0 0 0 0
fl=(3)
fn=(17)
0
cfi=(3)
cfn=(16)
calls=0 0
0 156 0 0 0 0 1 0 0 0 156 0 0 0 0 1 0 0 0 0 0 0 0 0 0 0 0 0
fl=(3)
fn=(16)
0
cfi=(3)
cfn=(16)
calls=0 0
0 156 0 0 0 0 1 0 0 0 156 0 0 0 0 1 0 0 0 0 0 0 0 0 0 0 0 0
fl=(3)
fn=(16)
0
cfi=(3)
cfn=(30)
calls=0 0
0 156 0 0 0 0 1 0 0 0 156 0 0 0 0 1 0 0 0 0 0 0 0 0 0 0 0 0
fl=(3)
fn=(30)
0
cfi=(3)
cfn=(26)
calls=0 0
0 156 0 0 0 0 1 0 0 0 156 0 0 0 0 1 0 0 0 0 0 0 0 0 0 0 0 0
fl=(3)
fn=(26)
0
cfi=(3)
cfn=(24)
calls=0 0
0 156 0 0 0 0 1 0 0 0 156 0 0 0 0 1 0 0 0 0 0 0 0 0 0 0 0 0
fl=(3)
fn=(24)
0 156 0 0 0 0 1 0 0 0 156 0 0 0 0 1 0 0 0 0 0 0 0 0 0 0 0 0

fl=(1)
fn=(1)
130
cfi=(1)
cfn=(2)
calls=0 94
130 256 0 0 0 0 1 0 0 0 256 0 0 0 0 1 0 0 0 0 0 0 0 0 0 0 0 0
fl=(1)
fn=(2)
94
cfi=(1)
cfn=(7)
calls=0 45
94 256 0 0 0 0 1 0 0 0 256 0 0 0 0 1 0 0 0 0 0 0 0 0 0 0 0 0
fl=(1)
fn=(7)
45
cfi=(3)
cfn=(11)
calls=0 0
45 256 0 0 0 0 1 0 0 0 256 0 0 0 0 1 0 0 0 0 0 0 0 0 0 0 0 0
fl=(3)
fn=(11)
0
cfi=(3)
cfn=(12)
calls=0 0
0 256 0 0 0 0 1 0 0 0 256 0 0 0 0 1 0 0 0 0 0 0 0 0 0 0 0 0
fl=(3)
fn=(12)
0
cfi=(3)
cfn=(10)
calls=0 0
0 256 0 0 0 0 1 0 0 0 256 0 0 0 0 1 0 0 0 0 0 0 0 0 0 0 0 0
fl=(3)
fn=(10)
0
cfi=(3)
cfn=(6)
calls=0 0
0 256 0 0 0 0 1 0 0 0 256 0 0 0 0 1 0 0 0 0 0 0 0 0 0 0 0 0
fl=(3)
fn=(6)
0 256 0 0 0 0 1 0 0 0 256 0 0 0 0 1 0 0 0 0 0 0 0 0 0 0 0 0

fl=(1)
fn=(1)
130
cfi=(1)
cfn=(2)
calls=0 94
130 280 0 0 0 0 1 0 0 0 280 0 0 0 0 1 0 0 0 0 0 0 0 0 0 0 0 0
fl=(1)
fn=(2)
94
cfi=(1)
cfn=(7)
calls=0 45
94 280 0 0 0 0 1 0 0 0 280 0 0 0 0 1 0 0 0 0 0 0 0 0 0 0 0 0
fl=(1)
fn=(7)
45
cfi=(3)
cfn=(11)
calls=0 0
45 280 0 0 0 0 1 0 0 0 280 0 0 0 0 1 0 0 0 0 0 0 0 0 0 0 0 0
fl=(3)
fn=(11)
0
cfi=(3)
cfn=(12)
calls=0 0
0 280 0 0 0 0 1 0 0 0 280 0 0 0 0 1 0 0 0 0 0 0 0 0 0 0 0 0
fl=(3)
fn=(12)
0
cfi=(3)
cfn=(13)
calls=0 0
0 280 0 0 0 0 1 0 0 0 280 0 0 0 0 1 0 0 0 0 0 0 0 0 0 0 0 0
fl=(3)
fn=(13)
0
cfi=(3)
cfn=(14)
calls=0 0
0 280 0 0 0 0 1 0 0 0 280 0 0 0 0 1 0 0 0 0 0 0 0 0 0 0 0 0
fl=(3)
fn=(14)
0
cfi=(3)
cfn=(15)
calls=0 0
0 280 0 0 0 0 1 0 0 0 280 0 0 0 0 1 0 0 0 0 0 0 0 0 0 0 0 0
fl=(3)
fn=(15)
0
cfi=(3)
cfn=(31)
calls=0 0
0 280 0 0 0 0 1 0 0 0 280 0 0 0 0 1 0 0 0 0 0 0 0 0 0 0 0 0
fl=(3)
fn=(31)
0 280 0 0 0 0 1 0 0 0 280 0 0 0 0 1 0 0 0 0 0 0 0 0 0 0 0 0

fl=(1)
fn=(7)
45
cfi=(3)
cfn=(11)
calls=0 0
45 496 0 0 0 0 1 0 0 0 496 0 0 0 0 1 0 0 0 0 0 0 0 0 0 0 0 0
fl=(3)
fn=(11)
0
cfi=(3)
cfn=(12)
calls=0 0
0 496 0 0 0 0 1 0 0 0 496 0 0 0 0 1 0 0 0 0 0 0 0 0 0 0 0 0
fl=(3)
fn=(12)
0
cfi=(3)
cfn=(13)
calls=0 0
0 496 0 0 0 0 1 0 0 0 496 0 0 0 0 1 0 0 0 0 0 0 0 0 0 0 0 0
fl=(3)
fn=(13)
0
cfi=(3)
cfn=(14)
calls=0 0
0 496 0 0 0 0 1 0 0 0 496 0 0 0 0 1 0 0 0 0 0 0 0 0 0 0 0 0
fl=(3)
fn=(14)
0
cfi=(3)
cfn=(15)
calls=0 0
0 496 0 0 0 0 1 0 0 0 496 0 0 0 0 1 0 0 0 0 0 0 0 0 0 0 0 0
fl=(3)
fn=(15)
0
cfi=(3)
cfn=(16)
calls=0 0
0 496 0 0 0 0 1 0 0 0 496 0 0 0 0 1 0 0 0 0 0 0 0 0 0 0 0 0
fl=(3)
fn=(16)
0
cfi=(3)
cfn=(17)
calls=0 0
0 496 0 0 0 0 1 0 0 0 496 0 0 0 0 1 0 0 0 0 0 0 0 0 0 0 0 0
fl=(3)
fn=(17)
0
cfi=(3)
cfn=(16)
calls=0 0
0 496 0 0 0 0 1 0 0 0 496 0 0 0 0 1 0 0 0 0 0 0 0 0 0 0 0 0
fl=(3)
fn=(16)
0
cfi=(3)
cfn=(16)
calls=0 0
0 496 0 0 0 0 1 0 0 0 496 0 0 0 0 1 0 0 0 0 0 0 0 0 0 0 0 0
fl=(3)
fn=(16)
0
cfi=(3)
cfn=(30)
calls=0 0
0 496 0 0 0 0 1 0 0 0 496 0 0 0 0 1 0 0 0 0 0 0 0 0 0 0 0 0
fl=(3)
fn=(30)
0
cfi=(3)
cfn=(31)
calls=0 0
0 496 0 0 0 0 1 0 0 0 496 0 0 0 0 1 0 0 0 0 0 0 0 0 0 0 0 0
fl=(3)
fn=(31)
0 496 0 0 0 0 1 0 0 0 496 0 0 0 0 1 0 0 0 0 0 0 0 0 0 0 0 0

fl=(1)
fn=(1)
130
cfi=(1)
cfn=(2)
calls=0 94
130 496 0 0 0 0 1 0 0 0 496 0 0 0 0 1 0 0 0 0 0 0 0 0 0 0 0 0
fl=(1)
fn=(2)
94
cfi=(1)
cfn=(7)
calls=0 45
94 496 0 0 0 0 1 0 0 0 496 0 0 0 0 1 0 0 0 0 0 0 0 0 0 0 0 0
fl=(1)
fn=(7)
45
cfi=(3)
cfn=(11)
calls=0 0
45 496 0 0 0 0 1 0 0 0 496 0 0 0 0 1 0 0 0 0 0 0 0 0 0 0 0 0
fl=(3)
fn=(11)
0
cfi=(3)
cfn=(12)
calls=0 0
0 496 0 0 0 0 1 0 0 0 496 0 0 0 0 1 0 0 0 0 0 0 0 0 0 0 0 0
fl=(3)
fn=(12)
0
cfi=(3)
cfn=(13)
calls=0 0
0 496 0 0 0 0 1 0 0 0 496 0 0 0 0 1 0 0 0 0 0 0 0 0 0 0 0 0
fl=(3)
fn=(13)
0
cfi=(3)
cfn=(14)
calls=0 0
0 496 0 0 0 0 1 0 0 0 496 0 0 0 0 1 0 0 0 0 0 0 0 0 0 0 0 0
fl=(3)
fn=(14)
0
cfi=(3)
cfn=(15)
calls=0 0
0 496 0 0 0 0 1 0 0 0 496 0 0 0 0 1 0 0 0 0 0 0 0 0 0 0 0 0
fl=(3)
fn=(15)
0
cfi=(3)
cfn=(16)
calls=0 0
0 496 0 0 0 0 1 0 0 0 496 0 0 0 0 1 0 0 0 0 0 0 0 0 0 0 0 0
fl=(3)
fn=(16)
0
cfi=(3)
cfn=(6)
calls=0 0
0 496 0 0 0 0 1 0 0 0 496 0 0 0 0 1 0 0 0 0 0 0 0 0 0 0 0 0
fl=(3)
fn=(6)
0 496 0 0 0 0 1 0 0 0 496 0 0 0 0 1 0 0 0 0 0 0 0 0 0 0 0 0

fl=(1)
fn=(7)
45
cfi=(3)
cfn=(11)
calls=0 0
45 755 0 0 0 0 1 0 0 0 755 0 0 0 0 1 0 0 0 0 0 0 0 0 0 0 0 0
fl=(3)
fn=(11)
0
cfi=(3)
cfn=(12)
calls=0 0
0 755 0 0 0 0 1 0 0 0 755 0 0 0 0 1 0 0 0 0 0 0 0 0 0 0 0 0
fl=(3)
fn=(12)
0
cfi=(3)
cfn=(13)
calls=0 0
0 755 0 0 0 0 1 0 0 0 755 0 0 0 0 1 0 0 0 0 0 0 0 0 0 0 0 0
fl=(3)
fn=(13)
0
cfi=(3)
cfn=(14)
calls=0 0
0 755 0 0 0 0 1 0 0 0 755 0 0 0 0 1 0 0 0 0 0 0 0 0 0 0 0 0
fl=(3)
fn=(14)
0
cfi=(3)
cfn=(15)
calls=0 0
0 755 0 0 0 0 1 0 0 0 755 0 0 0 0 1 0 0 0 0 0 0 0 0 0 0 0 0
fl=(3)
fn=(15)
0
cfi=(3)
cfn=(16)
calls=0 0
0 755 0 0 0 0 1 0 0 0 755 0 0 0 0 1 0 0 0 0 0 0 0 0 0 0 0 0
fl=(3)
fn=(16)
0
cfi=(3)
cfn=(17)
calls=0 0
0 755 0 0 0 0 1 0 0 0 755 0 0 0 0 1 0 0 0 0 0 0 0 0 0 0 0 0
fl=(3)
fn=(17)
0
cfi=(3)
cfn=(16)
calls=0 0
0 755 0 0 0 0 1 0 0 0 755 0 0 0 0 1 0 0 0 0 0 0 0 0 0 0 0 0
fl=(3)
fn=(16)
0
cfi=(3)
cfn=(16)
calls=0 0
0 755 0 0 0 0 1 0 0 0 755 0 0 0 0 1 0 0 0 0 0 0 0 0 0 0 0 0
fl=(3)
fn=(16)
0
cfi=(3)
cfn=(30)
calls=0 0
0 755 0 0 0 0 1 0 0 0 755 0 0 0 0 1 0 0 0 0 0 0 0 0 0 0 0 0
fl=(3)
fn=(30)
0
cfi=(3)
cfn=(6)
calls=0 0
0 755 0 0 0 0 1 0 0 0 755 0 0 0 0 1 0 0 0 0 0 0 0 0 0 0 0 0
fl=(3)
fn=(6)
0 755 0 0 0 0 1 0 0 0 755 0 0 0 0 1 0 0 0 0 0 0 0 0 0 0 0 0

fl=(1)
fn=(1)
128
cfi=(5) /mnt/c/projects/minishell/minishell_environment_vars.c
cfn=(33) init_env_vars
calls=0 68
128 772 0 0 0 0 59 0 0 0 772 0 0 0 0 59 0 0 0 0 0 0 0 0 0 0 0 0
fl=(5)
fn=(33)
68
cfi=(5)
cfn=(34) create_env_var
calls=0 26
68 772 0 0 0 0 59 0 0 0 772 0 0 0 0 59 0 0 0 0 0 0 0 0 0 0 0 0
fl=(5)
fn=(34)
26
cfi=(6) /mnt/c/projects/minishell/minishell_utils3.c
cfn=(35) ft_strndup
calls=0 23
26 772 0 0 0 0 59 0 0 0 772 0 0 0 0 59 0 0 0 0 0 0 0 0 0 0 0 0
fl=(6)
fn=(35)
23
cfi=(3)
cfn=(6)
calls=0 0
23 772 0 0 0 0 59 0 0 0 772 0 0 0 0 59 0 0 0 0 0 0 0 0 0 0 0 0
fl=(3)
fn=(6)
0 772 0 0 0 0 59 0 0 0 772 0 0 0 0 59 0 0 0 0 0 0 0 0 0 0 0 0

fl=(1)
fn=(1)
130
cfi=(1)
cfn=(2)
calls=0 94
130 1024 0 0 0 0 1 0 0 0 1024 0 0 0 0 1 0 0 0 0 0 0 0 0 0 0 0 0
fl=(1)
fn=(2)
94
cfi=(1)
cfn=(7)
calls=0 45
94 1024 0 0 0 0 1 0 0 0 1024 0 0 0 0 1 0 0 0 0 0 0 0 0 0 0 0 0
fl=(1)
fn=(7)
45
cfi=(3)
cfn=(11)
calls=0 0
45 1024 0 0 0 0 1 0 0 0 1024 0 0 0 0 1 0 0 0 0 0 0 0 0 0 0 0 0
fl=(3)
fn=(11)
0
cfi=(3)
cfn=(36) readline_internal_setup
calls=0 0
0 1024 0 0 0 0 1 0 0 0 1024 0 0 0 0 1 0 0 0 0 0 0 0 0 0 0 0 0
fl=(3)
fn=(36)
0
cfi=(3)
cfn=(37) rl_redisplay
calls=0 0
0 1024 0 0 0 0 1 0 0 0 1024 0 0 0 0 1 0 0 0 0 0 0 0 0 0 0 0 0
fl=(3)
fn=(37)
0
cfi=(3)
cfn=(16)
calls=0 0
0 1024 0 0 0 0 1 0 0 0 1024 0 0 0 0 1 0 0 0 0 0 0 0 0 0 0 0 0
fl=(3)
fn=(16)
0
cfi=(3)
cfn=(10)
calls=0 0
0 1024 0 0 0 0 1 0 0 0 1024 0 0 0 0 1 0 0 0 0 0 0 0 0 0 0 0 0
fl=(3)
fn=(10)
0
cfi=(3)
cfn=(6)
calls=0 0
0 1024 0 0 0 0 1 0 0 0 1024 0 0 0 0 1 0 0 0 0 0 0 0 0 0 0 0 0
fl=(3)
fn=(6)
0 1024 0 0 0 0 1 0 0 0 1024 0 0 0 0 1 0 0 0 0 0 0 0 0 0 0 0 0

fl=(1)
fn=(1)
130
cfi=(1)
cfn=(2)
calls=0 94
130 1024 0 0 0 0 1 0 0 0 1024 0 0 0 0 1 0 0 0 0 0 0 0 0 0 0 0 0
fl=(1)
fn=(2)
94
cfi=(1)
cfn=(7)
calls=0 45
94 1024 0 0 0 0 1 0 0 0 1024 0 0 0 0 1 0 0 0 0 0 0 0 0 0 0 0 0
fl=(1)
fn=(7)
45
cfi=(3)
cfn=(11)
calls=0 0
45 1024 0 0 0 0 1 0 0 0 1024 0 0 0 0 1 0 0 0 0 0 0 0 0 0 0 0 0
fl=(3)
fn=(11)
0
cfi=(3)
cfn=(36)
calls=0 0
0 1024 0 0 0 0 1 0 0 0 1024 0 0 0 0 1 0 0 0 0 0 0 0 0 0 0 0 0
fl=(3)
fn=(36)
0
cfi=(3)
cfn=(37)
calls=0 0
0 1024 0 0 0 0 1 0 0 0 1024 0 0 0 0 1 0 0 0 0 0 0 0 0 0 0 0 0
fl=(3)
fn=(37)
0
cfi=(3)
cfn=(16)
calls=0 0
0 1024 0 0 0 0 1 0 0 0 1024 0 0 0 0 1 0 0 0 0 0 0 0 0 0 0 0 0
fl=(3)
fn=(16)
0
cfi=(3)
cfn=(10)
calls=0 0
0 1024 0 0 0 0 1 0 0 0 1024 0 0 0 0 1 0 0 0 0 0 0 0 0 0 0 0 0
fl=(3)
fn=(10)
0
cfi=(3)
cfn=(6)
calls=0 0
0 1024 0 0 0 0 1 0 0 0 1024 0 0 0 0 1 0 0 0 0 0 0 0 0 0 0 0 0
fl=(3)
fn=(6)
0 1024 0 0 0 0 1 0 0 0 1024 0 0 0 0 1 0 0 0 0 0 0 0 0 0 0 0 0

fl=(1)
fn=(1)
130
cfi=(1)
cfn=(2)
calls=0 94
130 1024 0 0 0 0 1 0 0 0 1024 0 0 0 0 1 0 0 0 0 0 0 0 0 0 0 0 0
fl=(1)
fn=(2)
94
cfi=(1)
cfn=(7)
calls=0 45
94 1024 0 0 0 0 1 0 0 0 1024 0 0 0 0 1 0 0 0 0 0 0 0 0 0 0 0 0
fl=(1)
fn=(7)
45
cfi=(3)
cfn=(11)
calls=0 0
45 1024 0 0 0 0 1 0 0 0 1024 0 0 0 0 1 0 0 0 0 0 0 0 0 0 0 0 0
fl=(3)
fn=(11)
0
cfi=(3)
cfn=(36)
calls=0 0
0 1024 0 0 0 0 1 0 0 0 1024 0 0 0 0 1 0 0 0 0 0 0 0 0 0 0 0 0
fl=(3)
fn=(36)
0
cfi=(3)
cfn=(37)
calls=0 0
0 1024 0 0 0 0 1 0 0 0 1024 0 0 0 0 1 0 0 0 0 0 0 0 0 0 0 0 0
fl=(3)
fn=(37)
0
cfi=(3)
cfn=(16)
calls=0 0
0 1024 0 0 0 0 1 0 0 0 1024 0 0 0 0 1 0 0 0 0 0 0 0 0 0 0 0 0
fl=(3)
fn=(16)
0
cfi=(3)
cfn=(10)
calls=0 0
0 1024 0 0 0 0 1 0 0 0 1024 0 0 0 0 1 0 0 0 0 0 0 0 0 0 0 0 0
fl=(3)
fn=(10)
0
cfi=(3)
cfn=(6)
calls=0 0
0 1024 0 0 0 0 1 0 0 0 1024 0 0 0 0 1 0 0 0 0 0 0 0 0 0 0 0 0
fl=(3)
fn=(6)
0 1024 0 0 0 0 1 0 0 0 1024 0 0 0 0 1 0 0 0 0 0 0 0 0 0 0 0 0

fl=(1)
fn=(1)
130
cfi=(1)
cfn=(2)
calls=0 94
130 1024 0 0 0 0 1 0 0 0 1024 0 0 0 0 1 0 0 0 0 0 0 0 0 0 0 0 0
fl=(1)
fn=(2)
94
cfi=(1)
cfn=(7)
calls=0 45
94 1024 0 0 0 0 1 0 0 0 1024 0 0 0 0 1 0 0 0 0 0 0 0 0 0 0 0 0
fl=(1)
fn=(7)
45
cfi=(3)
cfn=(11)
calls=0 0
45 1024 0 0 0 0 1 0 0 0 1024 0 0 0 0 1 0 0 0 0 0 0 0 0 0 0 0 0
fl=(3)
fn=(11)
0
cfi=(3)
cfn=(36)
calls=0 0
0 1024 0 0 0 0 1 0 0 0 1024 0 0 0 0 1 0 0 0 0 0 0 0 0 0 0 0 0
fl=(3)
fn=(36)
0
cfi=(3)
cfn=(37)
calls=0 0
0 1024 0 0 0 0 1 0 0 0 1024 0 0 0 0 1 0 0 0 0 0 0 0 0 0 0 0 0
fl=(3)
fn=(37)
0
cfi=(3)
cfn=(16)
calls=0 0
0 1024 0 0 0 0 1 0 0 0 1024 0 0 0 0 1 0 0 0 0 0 0 0 0 0 0 0 0
fl=(3)
fn=(16)
0
cfi=(3)
cfn=(10)
calls=0 0
0 1024 0 0 0 0 1 0 0 0 1024 0 0 0 0 1 0 0 0 0 0 0 0 0 0 0 0 0
fl=(3)
fn=(10)
0
cfi=(3)
cfn=(6)
calls=0 0
0 1024 0 0 0 0 1 0 0 0 1024 0 0 0 0 1 0 0 0 0 0 0 0 0 0 0 0 0
fl=(3)
fn=(6)
0 1024 0 0 0 0 1 0 0 0 1024 0 0 0 0 1 0 0 0 0 0 0 0 0 0 0 0 0

fl=(1)
fn=(1)
130
cfi=(1)
cfn=(2)
calls=0 94
130 1024 0 0 0 0 1 0 0 0 1024 0 0 0 0 1 0 0 0 0 0 0 0 0 0 0 0 0
fl=(1)
fn=(2)
94
cfi=(1)
cfn=(7)
calls=0 45
94 1024 0 0 0 0 1 0 0 0 1024 0 0 0 0 1 0 0 0 0 0 0 0 0 0 0 0 0
fl=(1)
fn=(7)
45
cfi=(3)
cfn=(11)
calls=0 0
45 1024 0 0 0 0 1 0 0 0 1024 0 0 0 0 1 0 0 0 0 0 0 0 0 0 0 0 0
fl=(3)
fn=(11)
0
cfi=(3)
cfn=(36)
calls=0 0
0 1024 0 0 0 0 1 0 0 0 1024 0 0 0 0 1 0 0 0 0 0 0 0 0 0 0 0 0
fl=(3)
fn=(36)
0
cfi=(3)
cfn=(37)
calls=0 0
0 1024 0 0 0 0 1 0 0 0 1024 0 0 0 0 1 0 0 0 0 0 0 0 0 0 0 0 0
fl=(3)
fn=(37)
0
cfi=(3)
cfn=(16)
calls=0 0
0 1024 0 0 0 0 1 0 0 0 1024 0 0 0 0 1 0 0 0 0 0 0 0 0 0 0 0 0
fl=(3)
fn=(16)
0
cfi=(3)
cfn=(10)
calls=0 0
0 1024 0 0 0 0 1 0 0 0 1024 0 0 0 0 1 0 0 0 0 0 0 0 0 0 0 0 0
fl=(3)
fn=(10)
0
cfi=(3)
cfn=(6)
calls=0 0
0 1024 0 0 0 0 1 0 0 0 1024 0 0 0 0 1 0 0 0 0 0 0 0 0 0 0 0 0
fl=(3)
fn=(6)
0 1024 0 0 0 0 1 0 0 0 1024 0 0 0 0 1 0 0 0 0 0 0 0 0 0 0 0 0

fl=(1)
fn=(1)
130
cfi=(1)
cfn=(2)
calls=0 94
130 1024 0 0 0 0 1 0 0 0 1024 0 0 0 0 1 0 0 0 0 0 0 0 0 0 0 0 0
fl=(1)
fn=(2)
94
cfi=(1)
cfn=(7)
calls=0 45
94 1024 0 0 0 0 1 0 0 0 1024 0 0 0 0 1 0 0 0 0 0 0 0 0 0 0 0 0
fl=(1)
fn=(7)
45
cfi=(3)
cfn=(11)
calls=0 0
45 1024 0 0 0 0 1 0 0 0 1024 0 0 0 0 1 0 0 0 0 0 0 0 0 0 0 0 0
fl=(3)
fn=(11)
0
cfi=(3)
cfn=(36)
calls=0 0
0 1024 0 0 0 0 1 0 0 0 1024 0 0 0 0 1 0 0 0 0 0 0 0 0 0 0 0 0
fl=(3)
fn=(36)
0
cfi=(3)
cfn=(37)
calls=0 0
0 1024 0 0 0 0 1 0 0 0 1024 0 0 0 0 1 0 0 0 0 0 0 0 0 0 0 0 0
fl=(3)
fn=(37)
0
cfi=(3)
cfn=(16)
calls=0 0
0 1024 0 0 0 0 1 0 0 0 1024 0 0 0 0 1 0 0 0 0 0 0 0 0 0 0 0 0
fl=(3)
fn=(16)
0
cfi=(3)
cfn=(10)
calls=0 0
0 1024 0 0 0 0 1 0 0 0 1024 0 0 0 0 1 0 0 0 0 0 0 0 0 0 0 0 0
fl=(3)
fn=(10)
0
cfi=(3)
cfn=(6)
calls=0 0
0 1024 0 0 0 0 1 0 0 0 1024 0 0 0 0 1 0 0 0 0 0 0 0 0 0 0 0 0
fl=(3)
fn=(6)
0 1024 0 0 0 0 1 0 0 0 1024 0 0 0 0 1 0 0 0 0 0 0 0 0 0 0 0 0

fl=(1)
fn=(1)
130
cfi=(1)
cfn=(2)
calls=0 94
130 1536 0 0 0 0 1 0 0 0 1536 0 0 0 0 1 0 0 0 0 0 0 0 0 0 0 0 0
fl=(1)
fn=(2)
94
cfi=(1)
cfn=(7)
calls=0 45
94 1536 0 0 0 0 1 0 0 0 1536 0 0 0 0 1 0 0 0 0 0 0 0 0 0 0 0 0
fl=(1)
fn=(7)
45
cfi=(3)
cfn=(11)
calls=0 0
45 1536 0 0 0 0 1 0 0 0 1536 0 0 0 0 1 0 0 0 0 0 0 0 0 0 0 0 0
fl=(3)
fn=(11)
0
cfi=(3)
cfn=(12)
calls=0 0
0 1536 0 0 0 0 1 0 0 0 1536 0 0 0 0 1 0 0 0 0 0 0 0 0 0 0 0 0
fl=(3)
fn=(12)
0
cfi=(3)
cfn=(38) rl_initialize_funmap
calls=0 0
0 1536 0 0 0 0 1 0 0 0 1536 0 0 0 0 1 0 0 0 0 0 0 0 0 0 0 0 0
fl=(3)
fn=(38)
0
cfi=(3)
cfn=(39) rl_add_funmap_entry
calls=0 0
0 1536 0 0 0 0 1 0 0 0 1536 0 0 0 0 1 0 0 0 0 0 0 0 0 0 0 0 0
fl=(3)
fn=(39)
0
cfi=(3)
cfn=(23)
calls=0 0
0 1536 0 0 0 0 1 0 0 0 1536 0 0 0 0 1 0 0 0 0 0 0 0 0 0 0 0 0
fl=(3)
fn=(23)
0
cfi=(3)
cfn=(24)
calls=0 0
0 1536 0 0 0 0 1 0 0 0 1536 0 0 0 0 1 0 0 0 0 0 0 0 0 0 0 0 0
fl=(3)
fn=(24)
0 1536 0 0 0 0 1 0 0 0 1536 0 0 0 0 1 0 0 0 0 0 0 0 0 0 0 0 0

fl=(1)
fn=(7)
45
cfi=(3)
cfn=(11)
calls=0 0
45 1556 0 0 0 0 1 0 0 0 1556 0 0 0 0 1 0 0 0 0 0 0 0 0 0 0 0 0
fl=(3)
fn=(11)
0
cfi=(3)
cfn=(12)
calls=0 0
0 1556 0 0 0 0 1 0 0 0 1556 0 0 0 0 1 0 0 0 0 0 0 0 0 0 0 0 0
fl=(3)
fn=(12)
0
cfi=(3)
cfn=(13)
calls=0 0
0 1556 0 0 0 0 1 0 0 0 1556 0 0 0 0 1 0 0 0 0 0 0 0 0 0 0 0 0
fl=(3)
fn=(13)
0
cfi=(3)
cfn=(14)
calls=0 0
0 1556 0 0 0 0 1 0 0 0 1556 0 0 0 0 1 0 0 0 0 0 0 0 0 0 0 0 0
fl=(3)
fn=(14)
0
cfi=(3)
cfn=(15)
calls=0 0
0 1556 0 0 0 0 1 0 0 0 1556 0 0 0 0 1 0 0 0 0 0 0 0 0 0 0 0 0
fl=(3)
fn=(15)
0
cfi=(3)
cfn=(16)
calls=0 0
0 1556 0 0 0 0 1 0 0 0 1556 0 0 0 0 1 0 0 0 0 0 0 0 0 0 0 0 0
fl=(3)
fn=(16)
0
cfi=(3)
cfn=(17)
calls=0 0
0 1556 0 0 0 0 1 0 0 0 1556 0 0 0 0 1 0 0 0 0 0 0 0 0 0 0 0 0
fl=(3)
fn=(17)
0
cfi=(3)
cfn=(16)
calls=0 0
0 1556 0 0 0 0 1 0 0 0 1556 0 0 0 0 1 0 0 0 0 0 0 0 0 0 0 0 0
fl=(3)
fn=(16)
0
cfi=(3)
cfn=(16)
calls=0 0
0 1556 0 0 0 0 1 0 0 0 1556 0 0 0 0 1 0 0 0 0 0 0 0 0 0 0 0 0
fl=(3)
fn=(16)
0
cfi=(3)
cfn=(30)
calls=0 0
0 1556 0 0 0 0 1 0 0 0 1556 0 0 0 0 1 0 0 0 0 0 0 0 0 0 0 0 0
fl=(3)
fn=(30)
0
cfi=(3)
cfn=(6)
calls=0 0
0 1556 0 0 0 0 1 0 0 0 1556 0 0 0 0 1 0 0 0 0 0 0 0 0 0 0 0 0
fl=(3)
fn=(6)
0 1556 0 0 0 0 1 0 0 0 1556 0 0 0 0 1 0 0 0 0 0 0 0 0 0 0 0 0

fl=(1)
fn=(1)
130
cfi=(1)
cfn=(2)
calls=0 94
130 2032 0 0 0 0 1 0 0 0 2032 0 0 0 0 1 0 0 0 0 0 0 0 0 0 0 0 0
fl=(1)
fn=(2)
94
cfi=(1)
cfn=(7)
calls=0 45
94 2032 0 0 0 0 1 0 0 0 2032 0 0 0 0 1 0 0 0 0 0 0 0 0 0 0 0 0
fl=(1)
fn=(7)
45
cfi=(3)
cfn=(11)
calls=0 0
45 2032 0 0 0 0 1 0 0 0 2032 0 0 0 0 1 0 0 0 0 0 0 0 0 0 0 0 0
fl=(3)
fn=(11)
0
cfi=(3)
cfn=(12)
calls=0 0
0 2032 0 0 0 0 1 0 0 0 2032 0 0 0 0 1 0 0 0 0 0 0 0 0 0 0 0 0
fl=(3)
fn=(12)
0
cfi=(3)
cfn=(13)
calls=0 0
0 2032 0 0 0 0 1 0 0 0 2032 0 0 0 0 1 0 0 0 0 0 0 0 0 0 0 0 0
fl=(3)
fn=(13)
0
cfi=(3)
cfn=(10)
calls=0 0
0 2032 0 0 0 0 1 0 0 0 2032 0 0 0 0 1 0 0 0 0 0 0 0 0 0 0 0 0
fl=(3)
fn=(10)
0
cfi=(3)
cfn=(6)
calls=0 0
0 2032 0 0 0 0 1 0 0 0 2032 0 0 0 0 1 0 0 0 0 0 0 0 0 0 0 0 0
fl=(3)
fn=(6)
0 2032 0 0 0 0 1 0 0 0 2032 0 0 0 0 1 0 0 0 0 0 0 0 0 0 0 0 0

fl=(1)
fn=(1)
130
cfi=(1)
cfn=(2)
calls=0 94
130 2208 0 0 0 0 138 0 0 0 2208 0 0 0 0 138 0 0 0 0 0 0 0 0 0 0 0 0
fl=(1)
fn=(2)
94
cfi=(1)
cfn=(7)
calls=0 45
94 2208 0 0 0 0 138 0 0 0 2208 0 0 0 0 138 0 0 0 0 0 0 0 0 0 0 0 0
fl=(1)
fn=(7)
45
cfi=(3)
cfn=(11)
calls=0 0
45 2208 0 0 0 0 138 0 0 0 2208 0 0 0 0 138 0 0 0 0 0 0 0 0 0 0 0 0
fl=(3)
fn=(11)
0
cfi=(3)
cfn=(12)
calls=0 0
0 2208 0 0 0 0 138 0 0 0 2208 0 0 0 0 138 0 0 0 0 0 0 0 0 0 0 0 0
fl=(3)
fn=(12)
0
cfi=(3)
cfn=(38)
calls=0 0
0 2208 0 0 0 0 138 0 0 0 2208 0 0 0 0 138 0 0 0 0 0 0 0 0 0 0 0 0
fl=(3)
fn=(38)
0
cfi=(3)
cfn=(39)
calls=0 0
0 2208 0 0 0 0 138 0 0 0 2208 0 0 0 0 138 0 0 0 0 0 0 0 0 0 0 0 0
fl=(3)
fn=(39)
0
cfi=(3)
cfn=(10)
calls=0 0
0 2208 0 0 0 0 138 0 0 0 2208 0 0 0 0 138 0 0 0 0 0 0 0 0 0 0 0 0
fl=(3)
fn=(10)
0
cfi=(3)
cfn=(6)
calls=0 0
0 2208 0 0 0 0 138 0 0 0 2208 0 0 0 0 138 0 0 0 0 0 0 0 0 0 0 0 0
fl=(3)
fn=(6)
0 2208 0 0 0 0 138 0 0 0 2208 0 0 0 0 138 0 0 0 0 0 0 0 0 0 0 0 0

fl=(1)
fn=(1)
128
cfi=(5)
cfn=(33)
calls=0 68
128 2832 0 0 0 0 59 0 0 0 2832 0 0 0 0 59 0 0 0 0 0 0 0 0 0 0 0 0
fl=(5)
fn=(33)
68
cfi=(5)
cfn=(34)
calls=0 20
68 2832 0 0 0 0 59 0 0 0 2832 0 0 0 0 59 0 0 0 0 0 0 0 0 0 0 0 0
fl=(5)
fn=(34)
20
cfi=(3)
cfn=(6)
calls=0 0
20 2832 0 0 0 0 59 0 0 0 2832 0 0 0 0 59 0 0 0 0 0 0 0 0 0 0 0 0
fl=(3)
fn=(6)
0 2832 0 0 0 0 59 0 0 0 2832 0 0 0 0 59 0 0 0 0 0 0 0 0 0 0 0 0

fl=(3)
fn=(11)
0
cfi=(3)
cfn=(12)
calls=0 0
0 3792 0 0 0 0 1 0 0 0 3792 0 0 0 0 1 0 0 0 0 0 0 0 0 0 0 0 0
fl=(3)
fn=(12)
0
cfi=(3)
cfn=(13)
calls=0 0
0 3792 0 0 0 0 1 0 0 0 3792 0 0 0 0 1 0 0 0 0 0 0 0 0 0 0 0 0
fl=(3)
fn=(13)
0
cfi=(3)
cfn=(14)
calls=0 0
0 3792 0 0 0 0 1 0 0 0 3792 0 0 0 0 1 0 0 0 0 0 0 0 0 0 0 0 0
fl=(3)
fn=(14)
0
cfi=(3)
cfn=(15)
calls=0 0
0 3792 0 0 0 0 1 0 0 0 3792 0 0 0 0 1 0 0 0 0 0 0 0 0 0 0 0 0
fl=(3)
fn=(15)
0
cfi=(3)
cfn=(16)
calls=0 0
0 3792 0 0 0 0 1 0 0 0 3792 0 0 0 0 1 0 0 0 0 0 0 0 0 0 0 0 0
fl=(3)
fn=(16)
0
cfi=(3)
cfn=(17)
calls=0 0
0 3792 0 0 0 0 1 0 0 0 3792 0 0 0 0 1 0 0 0 0 0 0 0 0 0 0 0 0
fl=(3)
fn=(17)
0
cfi=(3)
cfn=(16)
calls=0 0
0 3792 0 0 0 0 1 0 0 0 3792 0 0 0 0 1 0 0 0 0 0 0 0 0 0 0 0 0
fl=(3)
fn=(16)
0
cfi=(3)
cfn=(16)
calls=0 0
0 3792 0 0 0 0 1 0 0 0 3792 0 0 0 0 1 0 0 0 0 0 0 0 0 0 0 0 0
fl=(3)
fn=(16)
0
cfi=(3)
cfn=(30)
calls=0 0
0 3792 0 0 0 0 1 0 0 0 3792 0 0 0 0 1 0 0 0 0 0 0 0 0 0 0 0 0
fl=(3)
fn=(30)
0
cfi=(3)
cfn=(26)
calls=0 0
0 3792 0 0 0 0 1 0 0 0 3792 0 0 0 0 1 0 0 0 0 0 0 0 0 0 0 0 0
fl=(3)
fn=(26)
0
cfi=(3)
cfn=(24)
calls=0 0
0 3792 0 0 0 0 1 0 0 0 3792 0 0 0 0 1 0 0 0 0 0 0 0 0 0 0 0 0
fl=(3)
fn=(24)
0 3792 0 0 0 0 1 0 0 0 3792 0 0 0 0 1 0 0 0 0 0 0 0 0 0 0 0 0

fl=(1)
fn=(1)
130
cfi=(1)
cfn=(2)
calls=0 94
130 3792 0 0 0 0 1 0 0 0 3792 0 0 0 0 1 0 0 0 0 0 0 0 0 0 0 0 0
fl=(1)
fn=(2)
94
cfi=(1)
cfn=(7)
calls=0 45
94 3792 0 0 0 0 1 0 0 0 3792 0 0 0 0 1 0 0 0 0 0 0 0 0 0 0 0 0
fl=(1)
fn=(7)
45
cfi=(3)
cfn=(11)
calls=0 0
45 3792 0 0 0 0 1 0 0 0 3792 0 0 0 0 1 0 0 0 0 0 0 0 0 0 0 0 0
fl=(3)
fn=(11)
0
cfi=(3)
cfn=(12)
calls=0 0
0 3792 0 0 0 0 1 0 0 0 3792 0 0 0 0 1 0 0 0 0 0 0 0 0 0 0 0 0
fl=(3)
fn=(12)
0
cfi=(3)
cfn=(13)
calls=0 0
0 3792 0 0 0 0 1 0 0 0 3792 0 0 0 0 1 0 0 0 0 0 0 0 0 0 0 0 0
fl=(3)
fn=(13)
0
cfi=(3)
cfn=(14)
calls=0 0
0 3792 0 0 0 0 1 0 0 0 3792 0 0 0 0 1 0 0 0 0 0 0 0 0 0 0 0 0
fl=(3)
fn=(14)
0
cfi=(3)
cfn=(15)
calls=0 0
0 3792 0 0 0 0 1 0 0 0 3792 0 0 0 0 1 0 0 0 0 0 0 0 0 0 0 0 0
fl=(3)
fn=(15)
0
cfi=(3)
cfn=(16)
calls=0 0
0 3792 0 0 0 0 1 0 0 0 3792 0 0 0 0 1 0 0 0 0 0 0 0 0 0 0 0 0
fl=(3)
fn=(16)
0
cfi=(3)
cfn=(6)
calls=0 0
0 3792 0 0 0 0 1 0 0 0 3792 0 0 0 0 1 0 0 0 0 0 0 0 0 0 0 0 0
fl=(3)
fn=(6)
0 3792 0 0 0 0 1 0 0 0 3792 0 0 0 0 1 0 0 0 0 0 0 0 0 0 0 0 0

fl=(1)
fn=(1)
130
cfi=(1)
cfn=(2)
calls=0 94
130 4016 0 0 0 0 1 0 0 0 4016 0 0 0 0 1 0 0 0 0 0 0 0 0 0 0 0 0
fl=(1)
fn=(2)
94
cfi=(1)
cfn=(7)
calls=0 51
94 4016 0 0 0 0 1 0 0 0 4016 0 0 0 0 1 0 0 0 0 0 0 0 0 0 0 0 0
fl=(1)
fn=(7)
51
cfi=(3)
cfn=(8)
calls=0 0
51 4016 0 0 0 0 1 0 0 0 4016 0 0 0 0 1 0 0 0 0 0 0 0 0 0 0 0 0
fl=(3)
fn=(8)
0
cfi=(3)
cfn=(10)
calls=0 0
0 4016 0 0 0 0 1 0 0 0 4016 0 0 0 0 1 0 0 0 0 0 0 0 0 0 0 0 0
fl=(3)
fn=(10)
0
cfi=(3)
cfn=(6)
calls=0 0
0 4016 0 0 0 0 1 0 0 0 4016 0 0 0 0 1 0 0 0 0 0 0 0 0 0 0 0 0
fl=(3)
fn=(6)
0 4016 0 0 0 0 1 0 0 0 4016 0 0 0 0 1 0 0 0 0 0 0 0 0 0 0 0 0

fl=(1)
fn=(1)
130
cfi=(1)
cfn=(2)
calls=0 94
130 4080 0 0 0 0 1 0 0 0 4080 0 0 0 0 1 0 0 0 0 0 0 0 0 0 0 0 0
fl=(1)
fn=(2)
94
cfi=(1)
cfn=(7)
calls=0 45
94 4080 0 0 0 0 1 0 0 0 4080 0 0 0 0 1 0 0 0 0 0 0 0 0 0 0 0 0
fl=(1)
fn=(7)
45
cfi=(3)
cfn=(11)
calls=0 0
45 4080 0 0 0 0 1 0 0 0 4080 0 0 0 0 1 0 0 0 0 0 0 0 0 0 0 0 0
fl=(3)
fn=(11)
0
cfi=(3)
cfn=(12)
calls=0 0
0 4080 0 0 0 0 1 0 0 0 4080 0 0 0 0 1 0 0 0 0 0 0 0 0 0 0 0 0
fl=(3)
fn=(12)
0
cfi=(3)
cfn=(13)
calls=0 0
0 4080 0 0 0 0 1 0 0 0 4080 0 0 0 0 1 0 0 0 0 0 0 0 0 0 0 0 0
fl=(3)
fn=(13)
0
cfi=(3)
cfn=(10)
calls=0 0
0 4080 0 0 0 0 1 0 0 0 4080 0 0 0 0 1 0 0 0 0 0 0 0 0 0 0 0 0
fl=(3)
fn=(10)
0
cfi=(3)
cfn=(6)
calls=0 0
0 4080 0 0 0 0 1 0 0 0 4080 0 0 0 0 1 0 0 0 0 0 0 0 0 0 0 0 0
fl=(3)
fn=(6)
0 4080 0 0 0 0 1 0 0 0 4080 0 0 0 0 1 0 0 0 0 0 0 0 0 0 0 0 0

fl=(1)
fn=(1)
130
cfi=(1)
cfn=(2)
calls=0 94
130 4112 0 0 0 0 1 0 0 0 4112 0 0 0 0 1 0 0 0 0 0 0 0 0 0 0 0 0
fl=(1)
fn=(2)
94
cfi=(1)
cfn=(7)
calls=0 45
94 4112 0 0 0 0 1 0 0 0 4112 0 0 0 0 1 0 0 0 0 0 0 0 0 0 0 0 0
fl=(1)
fn=(7)
45
cfi=(3)
cfn=(11)
calls=0 0
45 4112 0 0 0 0 1 0 0 0 4112 0 0 0 0 1 0 0 0 0 0 0 0 0 0 0 0 0
fl=(3)
fn=(11)
0
cfi=(3)
cfn=(12)
calls=0 0
0 4112 0 0 0 0 1 0 0 0 4112 0 0 0 0 1 0 0 0 0 0 0 0 0 0 0 0 0
fl=(3)
fn=(12)
0
cfi=(3)
cfn=(13)
calls=0 0
0 4112 0 0 0 0 1 0 0 0 4112 0 0 0 0 1 0 0 0 0 0 0 0 0 0 0 0 0
fl=(3)
fn=(13)
0
cfi=(3)
cfn=(16)
calls=0 0
0 4112 0 0 0 0 1 0 0 0 4112 0 0 0 0 1 0 0 0 0 0 0 0 0 0 0 0 0
fl=(3)
fn=(16)
0
cfi=(3)
cfn=(40) rl_bind_keyseq_if_unbound_in_map
calls=0 0
0 4112 0 0 0 0 1 0 0 0 4112 0 0 0 0 1 0 0 0 0 0 0 0 0 0 0 0 0
fl=(3)
fn=(40)
0
cfi=(3)
cfn=(41) rl_generic_bind
calls=0 0
0 4112 0 0 0 0 1 0 0 0 4112 0 0 0 0 1 0 0 0 0 0 0 0 0 0 0 0 0
fl=(3)
fn=(41)
0
cfi=(3)
cfn=(42) rl_make_bare_keymap
calls=0 0
0 4112 0 0 0 0 1 0 0 0 4112 0 0 0 0 1 0 0 0 0 0 0 0 0 0 0 0 0
fl=(3)
fn=(42)
0
cfi=(3)
cfn=(10)
calls=0 0
0 4112 0 0 0 0 1 0 0 0 4112 0 0 0 0 1 0 0 0 0 0 0 0 0 0 0 0 0
fl=(3)
fn=(10)
0
cfi=(3)
cfn=(6)
calls=0 0
0 4112 0 0 0 0 1 0 0 0 4112 0 0 0 0 1 0 0 0 0 0 0 0 0 0 0 0 0
fl=(3)
fn=(6)
0 4112 0 0 0 0 1 0 0 0 4112 0 0 0 0 1 0 0 0 0 0 0 0 0 0 0 0 0

fl=(1)
fn=(1)
130
cfi=(1)
cfn=(2)
calls=0 94
130 4112 0 0 0 0 1 0 0 0 4112 0 0 0 0 1 0 0 0 0 0 0 0 0 0 0 0 0
fl=(1)
fn=(2)
94
cfi=(1)
cfn=(7)
calls=0 45
94 4112 0 0 0 0 1 0 0 0 4112 0 0 0 0 1 0 0 0 0 0 0 0 0 0 0 0 0
fl=(1)
fn=(7)
45
cfi=(3)
cfn=(11)
calls=0 0
45 4112 0 0 0 0 1 0 0 0 4112 0 0 0 0 1 0 0 0 0 0 0 0 0 0 0 0 0
fl=(3)
fn=(11)
0
cfi=(3)
cfn=(12)
calls=0 0
0 4112 0 0 0 0 1 0 0 0 4112 0 0 0 0 1 0 0 0 0 0 0 0 0 0 0 0 0
fl=(3)
fn=(12)
0
cfi=(3)
cfn=(13)
calls=0 0
0 4112 0 0 0 0 1 0 0 0 4112 0 0 0 0 1 0 0 0 0 0 0 0 0 0 0 0 0
fl=(3)
fn=(13)
0
cfi=(3)
cfn=(16)
calls=0 0
0 4112 0 0 0 0 1 0 0 0 4112 0 0 0 0 1 0 0 0 0 0 0 0 0 0 0 0 0
fl=(3)
fn=(16)
0
cfi=(3)
cfn=(40)
calls=0 0
0 4112 0 0 0 0 1 0 0 0 4112 0 0 0 0 1 0 0 0 0 0 0 0 0 0 0 0 0
fl=(3)
fn=(40)
0
cfi=(3)
cfn=(41)
calls=0 0
0 4112 0 0 0 0 1 0 0 0 4112 0 0 0 0 1 0 0 0 0 0 0 0 0 0 0 0 0
fl=(3)
fn=(41)
0
cfi=(3)
cfn=(42)
calls=0 0
0 4112 0 0 0 0 1 0 0 0 4112 0 0 0 0 1 0 0 0 0 0 0 0 0 0 0 0 0
fl=(3)
fn=(42)
0
cfi=(3)
cfn=(10)
calls=0 0
0 4112 0 0 0 0 1 0 0 0 4112 0 0 0 0 1 0 0 0 0 0 0 0 0 0 0 0 0
fl=(3)
fn=(10)
0
cfi=(3)
cfn=(6)
calls=0 0
0 4112 0 0 0 0 1 0 0 0 4112 0 0 0 0 1 0 0 0 0 0 0 0 0 0 0 0 0
fl=(3)
fn=(6)
0 4112 0 0 0 0 1 0 0 0 4112 0 0 0 0 1 0 0 0 0 0 0 0 0 0 0 0 0

fl=(1)
fn=(1)
130
cfi=(1)
cfn=(2)
calls=0 94
130 4112 0 0 0 0 1 0 0 0 4112 0 0 0 0 1 0 0 0 0 0 0 0 0 0 0 0 0
fl=(1)
fn=(2)
94
cfi=(1)
cfn=(7)
calls=0 45
94 4112 0 0 0 0 1 0 0 0 4112 0 0 0 0 1 0 0 0 0 0 0 0 0 0 0 0 0
fl=(1)
fn=(7)
45
cfi=(3)
cfn=(11)
calls=0 0
45 4112 0 0 0 0 1 0 0 0 4112 0 0 0 0 1 0 0 0 0 0 0 0 0 0 0 0 0
fl=(3)
fn=(11)
0
cfi=(3)
cfn=(12)
calls=0 0
0 4112 0 0 0 0 1 0 0 0 4112 0 0 0 0 1 0 0 0 0 0 0 0 0 0 0 0 0
fl=(3)
fn=(12)
0
cfi=(3)
cfn=(13)
calls=0 0
0 4112 0 0 0 0 1 0 0 0 4112 0 0 0 0 1 0 0 0 0 0 0 0 0 0 0 0 0
fl=(3)
fn=(13)
0
cfi=(3)
cfn=(16)
calls=0 0
0 4112 0 0 0 0 1 0 0 0 4112 0 0 0 0 1 0 0 0 0 0 0 0 0 0 0 0 0
fl=(3)
fn=(16)
0
cfi=(3)
cfn=(40)
calls=0 0
0 4112 0 0 0 0 1 0 0 0 4112 0 0 0 0 1 0 0 0 0 0 0 0 0 0 0 0 0
fl=(3)
fn=(40)
0
cfi=(3)
cfn=(41)
calls=0 0
0 4112 0 0 0 0 1 0 0 0 4112 0 0 0 0 1 0 0 0 0 0 0 0 0 0 0 0 0
fl=(3)
fn=(41)
0
cfi=(3)
cfn=(42)
calls=0 0
0 4112 0 0 0 0 1 0 0 0 4112 0 0 0 0 1 0 0 0 0 0 0 0 0 0 0 0 0
fl=(3)
fn=(42)
0
cfi=(3)
cfn=(10)
calls=0 0
0 4112 0 0 0 0 1 0 0 0 4112 0 0 0 0 1 0 0 0 0 0 0 0 0 0 0 0 0
fl=(3)
fn=(10)
0
cfi=(3)
cfn=(6)
calls=0 0
0 4112 0 0 0 0 1 0 0 0 4112 0 0 0 0 1 0 0 0 0 0 0 0 0 0 0 0 0
fl=(3)
fn=(6)
0 4112 0 0 0 0 1 0 0 0 4112 0 0 0 0 1 0 0 0 0 0 0 0 0 0 0 0 0

fl=(1)
fn=(1)
130
cfi=(1)
cfn=(2)
calls=0 94
130 4112 0 0 0 0 1 0 0 0 4112 0 0 0 0 1 0 0 0 0 0 0 0 0 0 0 0 0
fl=(1)
fn=(2)
94
cfi=(1)
cfn=(7)
calls=0 45
94 4112 0 0 0 0 1 0 0 0 4112 0 0 0 0 1 0 0 0 0 0 0 0 0 0 0 0 0
fl=(1)
fn=(7)
45
cfi=(3)
cfn=(11)
calls=0 0
45 4112 0 0 0 0 1 0 0 0 4112 0 0 0 0 1 0 0 0 0 0 0 0 0 0 0 0 0
fl=(3)
fn=(11)
0
cfi=(3)
cfn=(12)
calls=0 0
0 4112 0 0 0 0 1 0 0 0 4112 0 0 0 0 1 0 0 0 0 0 0 0 0 0 0 0 0
fl=(3)
fn=(12)
0
cfi=(3)
cfn=(13)
calls=0 0
0 4112 0 0 0 0 1 0 0 0 4112 0 0 0 0 1 0 0 0 0 0 0 0 0 0 0 0 0
fl=(3)
fn=(13)
0
cfi=(3)
cfn=(16)
calls=0 0
0 4112 0 0 0 0 1 0 0 0 4112 0 0 0 0 1 0 0 0 0 0 0 0 0 0 0 0 0
fl=(3)
fn=(16)
0
cfi=(3)
cfn=(40)
calls=0 0
0 4112 0 0 0 0 1 0 0 0 4112 0 0 0 0 1 0 0 0 0 0 0 0 0 0 0 0 0
fl=(3)
fn=(40)
0
cfi=(3)
cfn=(41)
calls=0 0
0 4112 0 0 0 0 1 0 0 0 4112 0 0 0 0 1 0 0 0 0 0 0 0 0 0 0 0 0
fl=(3)
fn=(41)
0
cfi=(3)
cfn=(42)
calls=0 0
0 4112 0 0 0 0 1 0 0 0 4112 0 0 0 0 1 0 0 0 0 0 0 0 0 0 0 0 0
fl=(3)
fn=(42)
0
cfi=(3)
cfn=(10)
calls=0 0
0 4112 0 0 0 0 1 0 0 0 4112 0 0 0 0 1 0 0 0 0 0 0 0 0 0 0 0 0
fl=(3)
fn=(10)
0
cfi=(3)
cfn=(6)
calls=0 0
0 4112 0 0 0 0 1 0 0 0 4112 0 0 0 0 1 0 0 0 0 0 0 0 0 0 0 0 0
fl=(3)
fn=(6)
0 4112 0 0 0 0 1 0 0 0 4112 0 0 0 0 1 0 0 0 0 0 0 0 0 0 0 0 0

fl=(1)
fn=(1)
130
cfi=(1)
cfn=(2)
calls=0 94
130 4112 0 0 0 0 1 0 0 0 4112 0 0 0 0 1 0 0 0 0 0 0 0 0 0 0 0 0
fl=(1)
fn=(2)
94
cfi=(1)
cfn=(7)
calls=0 45
94 4112 0 0 0 0 1 0 0 0 4112 0 0 0 0 1 0 0 0 0 0 0 0 0 0 0 0 0
fl=(1)
fn=(7)
45
cfi=(3)
cfn=(11)
calls=0 0
45 4112 0 0 0 0 1 0 0 0 4112 0 0 0 0 1 0 0 0 0 0 0 0 0 0 0 0 0
fl=(3)
fn=(11)
0
cfi=(3)
cfn=(12)
calls=0 0
0 4112 0 0 0 0 1 0 0 0 4112 0 0 0 0 1 0 0 0 0 0 0 0 0 0 0 0 0
fl=(3)
fn=(12)
0
cfi=(3)
cfn=(16)
calls=0 0
0 4112 0 0 0 0 1 0 0 0 4112 0 0 0 0 1 0 0 0 0 0 0 0 0 0 0 0 0
fl=(3)
fn=(16)
0
cfi=(3)
cfn=(40)
calls=0 0
0 4112 0 0 0 0 1 0 0 0 4112 0 0 0 0 1 0 0 0 0 0 0 0 0 0 0 0 0
fl=(3)
fn=(40)
0
cfi=(3)
cfn=(41)
calls=0 0
0 4112 0 0 0 0 1 0 0 0 4112 0 0 0 0 1 0 0 0 0 0 0 0 0 0 0 0 0
fl=(3)
fn=(41)
0
cfi=(3)
cfn=(42)
calls=0 0
0 4112 0 0 0 0 1 0 0 0 4112 0 0 0 0 1 0 0 0 0 0 0 0 0 0 0 0 0
fl=(3)
fn=(42)
0
cfi=(3)
cfn=(10)
calls=0 0
0 4112 0 0 0 0 1 0 0 0 4112 0 0 0 0 1 0 0 0 0 0 0 0 0 0 0 0 0
fl=(3)
fn=(10)
0
cfi=(3)
cfn=(6)
calls=0 0
0 4112 0 0 0 0 1 0 0 0 4112 0 0 0 0 1 0 0 0 0 0 0 0 0 0 0 0 0
fl=(3)
fn=(6)
0 4112 0 0 0 0 1 0 0 0 4112 0 0 0 0 1 0 0 0 0 0 0 0 0 0 0 0 0

fl=(1)
fn=(1)
130
cfi=(1)
cfn=(2)
calls=0 94
130 4112 0 0 0 0 1 0 0 0 4112 0 0 0 0 1 0 0 0 0 0 0 0 0 0 0 0 0
fl=(1)
fn=(2)
94
cfi=(1)
cfn=(7)
calls=0 45
94 4112 0 0 0 0 1 0 0 0 4112 0 0 0 0 1 0 0 0 0 0 0 0 0 0 0 0 0
fl=(1)
fn=(7)
45
cfi=(3)
cfn=(11)
calls=0 0
45 4112 0 0 0 0 1 0 0 0 4112 0 0 0 0 1 0 0 0 0 0 0 0 0 0 0 0 0
fl=(3)
fn=(11)
0
cfi=(3)
cfn=(12)
calls=0 0
0 4112 0 0 0 0 1 0 0 0 4112 0 0 0 0 1 0 0 0 0 0 0 0 0 0 0 0 0
fl=(3)
fn=(12)
0
cfi=(3)
cfn=(16)
calls=0 0
0 4112 0 0 0 0 1 0 0 0 4112 0 0 0 0 1 0 0 0 0 0 0 0 0 0 0 0 0
fl=(3)
fn=(16)
0
cfi=(3)
cfn=(40)
calls=0 0
0 4112 0 0 0 0 1 0 0 0 4112 0 0 0 0 1 0 0 0 0 0 0 0 0 0 0 0 0
fl=(3)
fn=(40)
0
cfi=(3)
cfn=(41)
calls=0 0
0 4112 0 0 0 0 1 0 0 0 4112 0 0 0 0 1 0 0 0 0 0 0 0 0 0 0 0 0
fl=(3)
fn=(41)
0
cfi=(3)
cfn=(42)
calls=0 0
0 4112 0 0 0 0 1 0 0 0 4112 0 0 0 0 1 0 0 0 0 0 0 0 0 0 0 0 0
fl=(3)
fn=(42)
0
cfi=(3)
cfn=(10)
calls=0 0
0 4112 0 0 0 0 1 0 0 0 4112 0 0 0 0 1 0 0 0 0 0 0 0 0 0 0 0 0
fl=(3)
fn=(10)
0
cfi=(3)
cfn=(6)
calls=0 0
0 4112 0 0 0 0 1 0 0 0 4112 0 0 0 0 1 0 0 0 0 0 0 0 0 0 0 0 0
fl=(3)
fn=(6)
0 4112 0 0 0 0 1 0 0 0 4112 0 0 0 0 1 0 0 0 0 0 0 0 0 0 0 0 0

fl=(1)
fn=(1)
130
cfi=(1)
cfn=(2)
calls=0 94
130 4112 0 0 0 0 1 0 0 0 4112 0 0 0 0 1 0 0 0 0 0 0 0 0 0 0 0 0
fl=(1)
fn=(2)
94
cfi=(1)
cfn=(7)
calls=0 45
94 4112 0 0 0 0 1 0 0 0 4112 0 0 0 0 1 0 0 0 0 0 0 0 0 0 0 0 0
fl=(1)
fn=(7)
45
cfi=(3)
cfn=(11)
calls=0 0
45 4112 0 0 0 0 1 0 0 0 4112 0 0 0 0 1 0 0 0 0 0 0 0 0 0 0 0 0
fl=(3)
fn=(11)
0
cfi=(3)
cfn=(12)
calls=0 0
0 4112 0 0 0 0 1 0 0 0 4112 0 0 0 0 1 0 0 0 0 0 0 0 0 0 0 0 0
fl=(3)
fn=(12)
0
cfi=(3)
cfn=(16)
calls=0 0
0 4112 0 0 0 0 1 0 0 0 4112 0 0 0 0 1 0 0 0 0 0 0 0 0 0 0 0 0
fl=(3)
fn=(16)
0
cfi=(3)
cfn=(40)
calls=0 0
0 4112 0 0 0 0 1 0 0 0 4112 0 0 0 0 1 0 0 0 0 0 0 0 0 0 0 0 0
fl=(3)
fn=(40)
0
cfi=(3)
cfn=(41)
calls=0 0
0 4112 0 0 0 0 1 0 0 0 4112 0 0 0 0 1 0 0 0 0 0 0 0 0 0 0 0 0
fl=(3)
fn=(41)
0
cfi=(3)
cfn=(42)
calls=0 0
0 4112 0 0 0 0 1 0 0 0 4112 0 0 0 0 1 0 0 0 0 0 0 0 0 0 0 0 0
fl=(3)
fn=(42)
0
cfi=(3)
cfn=(10)
calls=0 0
0 4112 0 0 0 0 1 0 0 0 4112 0 0 0 0 1 0 0 0 0 0 0 0 0 0 0 0 0
fl=(3)
fn=(10)
0
cfi=(3)
cfn=(6)
calls=0 0
0 4112 0 0 0 0 1 0 0 0 4112 0 0 0 0 1 0 0 0 0 0 0 0 0 0 0 0 0
fl=(3)
fn=(6)
0 4112 0 0 0 0 1 0 0 0 4112 0 0 0 0 1 0 0 0 0 0 0 0 0 0 0 0 0

fl=(1)
fn=(1)
128
cfi=(5)
cfn=(33)
calls=0 68
128 4617 0 0 0 0 59 0 0 0 4617 0 0 0 0 59 0 0 0 0 0 0 0 0 0 0 0 0
fl=(5)
fn=(33)
68
cfi=(5)
cfn=(34)
calls=0 27
68 4617 0 0 0 0 59 0 0 0 4617 0 0 0 0 59 0 0 0 0 0 0 0 0 0 0 0 0
fl=(5)
fn=(34)
27
cfi=(3)
cfn=(5)
calls=0 0
27 4617 0 0 0 0 59 0 0 0 4617 0 0 0 0 59 0 0 0 0 0 0 0 0 0 0 0 0
fl=(3)
fn=(5)
0
cfi=(3)
cfn=(6)
calls=0 0
0 4617 0 0 0 0 59 0 0 0 4617 0 0 0 0 59 0 0 0 0 0 0 0 0 0 0 0 0
fl=(3)
fn=(6)
0 4617 0 0 0 0 59 0 0 0 4617 0 0 0 0 59 0 0 0 0 0 0 0 0 0 0 0 0

fl=(1)
fn=(1)
128
cfi=(5)
cfn=(33)
calls=0 68
128 5389 0 0 0 0 59 0 0 0 5389 0 0 0 0 59 0 0 0 0 0 0 0 0 0 0 0 0
fl=(5)
fn=(33)
68
cfi=(5)
cfn=(34)
calls=0 34
68 5389 0 0 0 0 59 0 0 0 5389 0 0 0 0 59 0 0 0 0 0 0 0 0 0 0 0 0
fl=(5)
fn=(34)
34
cfi=(3)
cfn=(5)
calls=0 0
34 5389 0 0 0 0 59 0 0 0 5389 0 0 0 0 59 0 0 0 0 0 0 0 0 0 0 0 0
fl=(3)
fn=(5)
0
cfi=(3)
cfn=(6)
calls=0 0
0 5389 0 0 0 0 59 0 0 0 5389 0 0 0 0 59 0 0 0 0 0 0 0 0 0 0 0 0
fl=(3)
fn=(6)
0 5389 0 0 0 0 59 0 0 0 5389 0 0 0 0 59 0 0 0 0 0 0 0 0 0 0 0 0

fl=(1)
fn=(1)
130
cfi=(1)
cfn=(2)
calls=0 94
130 7952 0 0 0 0 1 0 0 0 7952 0 0 0 0 1 0 0 0 0 0 0 0 0 0 0 0 0
fl=(1)
fn=(2)
94
cfi=(1)
cfn=(7)
calls=0 45
94 7952 0 0 0 0 1 0 0 0 7952 0 0 0 0 1 0 0 0 0 0 0 0 0 0 0 0 0
fl=(1)
fn=(7)
45
cfi=(3)
cfn=(11)
calls=0 0
45 7952 0 0 0 0 1 0 0 0 7952 0 0 0 0 1 0 0 0 0 0 0 0 0 0 0 0 0
fl=(3)
fn=(11)
0
cfi=(3)
cfn=(12)
calls=0 0
0 7952 0 0 0 0 1 0 0 0 7952 0 0 0 0 1 0 0 0 0 0 0 0 0 0 0 0 0
fl=(3)
fn=(12)
0
cfi=(3)
cfn=(13)
calls=0 0
0 7952 0 0 0 0 1 0 0 0 7952 0 0 0 0 1 0 0 0 0 0 0 0 0 0 0 0 0
fl=(3)
fn=(13)
0
cfi=(3)
cfn=(43) tgetstr_sp
calls=0 0
0 7952 0 0 0 0 1 0 0 0 7952 0 0 0 0 1 0 0 0 0 0 0 0 0 0 0 0 0
fl=(3)
fn=(43)
0
cfi=(3)
cfn=(44) _nc_find_type_entry
calls=0 0
0 7952 0 0 0 0 1 0 0 0 7952 0 0 0 0 1 0 0 0 0 0 0 0 0 0 0 0 0
fl=(3)
fn=(44)
0
cfi=(3)
cfn=(16)
calls=0 0
0 7952 0 0 0 0 1 0 0 0 7952 0 0 0 0 1 0 0 0 0 0 0 0 0 0 0 0 0
fl=(3)
fn=(16)
0
cfi=(3)
cfn=(31)
calls=0 0
0 7952 0 0 0 0 1 0 0 0 7952 0 0 0 0 1 0 0 0 0 0 0 0 0 0 0 0 0
fl=(3)
fn=(31)
0 7952 0 0 0 0 1 0 0 0 7952 0 0 0 0 1 0 0 0 0 0 0 0 0 0 0 0 0

fl=(1)
fn=(1)
130
cfi=(1)
cfn=(2)
calls=0 94
130 8224 0 0 0 0 2 0 0 0 8224 0 0 0 0 2 0 0 0 0 0 0 0 0 0 0 0 0
fl=(1)
fn=(2)
94
cfi=(1)
cfn=(7)
calls=0 45
94 8224 0 0 0 0 2 0 0 0 8224 0 0 0 0 2 0 0 0 0 0 0 0 0 0 0 0 0
fl=(1)
fn=(7)
45
cfi=(3)
cfn=(11)
calls=0 0
45 8224 0 0 0 0 2 0 0 0 8224 0 0 0 0 2 0 0 0 0 0 0 0 0 0 0 0 0
fl=(3)
fn=(11)
0
cfi=(3)
cfn=(12)
calls=0 0
0 8224 0 0 0 0 2 0 0 0 8224 0 0 0 0 2 0 0 0 0 0 0 0 0 0 0 0 0
fl=(3)
fn=(12)
0
cfi=(3)
cfn=(13)
calls=0 0
0 8224 0 0 0 0 2 0 0 0 8224 0 0 0 0 2 0 0 0 0 0 0 0 0 0 0 0 0
fl=(3)
fn=(13)
0
cfi=(3)
cfn=(16)
calls=0 0
0 8224 0 0 0 0 2 0 0 0 8224 0 0 0 0 2 0 0 0 0 0 0 0 0 0 0 0 0
fl=(3)
fn=(16)
0
cfi=(3)
cfn=(40)
calls=0 0
0 8224 0 0 0 0 2 0 0 0 8224 0 0 0 0 2 0 0 0 0 0 0 0 0 0 0 0 0
fl=(3)
fn=(40)
0
cfi=(3)
cfn=(41)
calls=0 0
0 8224 0 0 0 0 2 0 0 0 8224 0 0 0 0 2 0 0 0 0 0 0 0 0 0 0 0 0
fl=(3)
fn=(41)
0
cfi=(3)
cfn=(42)
calls=0 0
0 8224 0 0 0 0 2 0 0 0 8224 0 0 0 0 2 0 0 0 0 0 0 0 0 0 0 0 0
fl=(3)
fn=(42)
0
cfi=(3)
cfn=(10)
calls=0 0
0 8224 0 0 0 0 2 0 0 0 8224 0 0 0 0 2 0 0 0 0 0 0 0 0 0 0 0 0
fl=(3)
fn=(10)
0
cfi=(3)
cfn=(6)
calls=0 0
0 8224 0 0 0 0 2 0 0 0 8224 0 0 0 0 2 0 0 0 0 0 0 0 0 0 0 0 0
fl=(3)
fn=(6)
0 8224 0 0 0 0 2 0 0 0 8224 0 0 0 0 2 0 0 0 0 0 0 0 0 0 0 0 0

fl=(1)
fn=(1)
130
cfi=(1)
cfn=(2)
calls=0 94
130 8224 0 0 0 0 2 0 0 0 8224 0 0 0 0 2 0 0 0 0 0 0 0 0 0 0 0 0
fl=(1)
fn=(2)
94
cfi=(1)
cfn=(7)
calls=0 45
94 8224 0 0 0 0 2 0 0 0 8224 0 0 0 0 2 0 0 0 0 0 0 0 0 0 0 0 0
fl=(1)
fn=(7)
45
cfi=(3)
cfn=(11)
calls=0 0
45 8224 0 0 0 0 2 0 0 0 8224 0 0 0 0 2 0 0 0 0 0 0 0 0 0 0 0 0
fl=(3)
fn=(11)
0
cfi=(3)
cfn=(12)
calls=0 0
0 8224 0 0 0 0 2 0 0 0 8224 0 0 0 0 2 0 0 0 0 0 0 0 0 0 0 0 0
fl=(3)
fn=(12)
0
cfi=(3)
cfn=(13)
calls=0 0
0 8224 0 0 0 0 2 0 0 0 8224 0 0 0 0 2 0 0 0 0 0 0 0 0 0 0 0 0
fl=(3)
fn=(13)
0
cfi=(3)
cfn=(16)
calls=0 0
0 8224 0 0 0 0 2 0 0 0 8224 0 0 0 0 2 0 0 0 0 0 0 0 0 0 0 0 0
fl=(3)
fn=(16)
0
cfi=(3)
cfn=(40)
calls=0 0
0 8224 0 0 0 0 2 0 0 0 8224 0 0 0 0 2 0 0 0 0 0 0 0 0 0 0 0 0
fl=(3)
fn=(40)
0
cfi=(3)
cfn=(41)
calls=0 0
0 8224 0 0 0 0 2 0 0 0 8224 0 0 0 0 2 0 0 0 0 0 0 0 0 0 0 0 0
fl=(3)
fn=(41)
0
cfi=(3)
cfn=(42)
calls=0 0
0 8224 0 0 0 0 2 0 0 0 8224 0 0 0 0 2 0 0 0 0 0 0 0 0 0 0 0 0
fl=(3)
fn=(42)
0
cfi=(3)
cfn=(10)
calls=0 0
0 8224 0 0 0 0 2 0 0 0 8224 0 0 0 0 2 0 0 0 0 0 0 0 0 0 0 0 0
fl=(3)
fn=(10)
0
cfi=(3)
cfn=(6)
calls=0 0
0 8224 0 0 0 0 2 0 0 0 8224 0 0 0 0 2 0 0 0 0 0 0 0 0 0 0 0 0
fl=(3)
fn=(6)
0 8224 0 0 0 0 2 0 0 0 8224 0 0 0 0 2 0 0 0 0 0 0 0 0 0 0 0 0

fl=(1)
fn=(1)
130
cfi=(1)
cfn=(2)
calls=0 94
130 8224 0 0 0 0 2 0 0 0 8224 0 0 0 0 2 0 0 0 0 0 0 0 0 0 0 0 0
fl=(1)
fn=(2)
94
cfi=(1)
cfn=(7)
calls=0 45
94 8224 0 0 0 0 2 0 0 0 8224 0 0 0 0 2 0 0 0 0 0 0 0 0 0 0 0 0
fl=(1)
fn=(7)
45
cfi=(3)
cfn=(11)
calls=0 0
45 8224 0 0 0 0 2 0 0 0 8224 0 0 0 0 2 0 0 0 0 0 0 0 0 0 0 0 0
fl=(3)
fn=(11)
0
cfi=(3)
cfn=(12)
calls=0 0
0 8224 0 0 0 0 2 0 0 0 8224 0 0 0 0 2 0 0 0 0 0 0 0 0 0 0 0 0
fl=(3)
fn=(12)
0
cfi=(3)
cfn=(13)
calls=0 0
0 8224 0 0 0 0 2 0 0 0 8224 0 0 0 0 2 0 0 0 0 0 0 0 0 0 0 0 0
fl=(3)
fn=(13)
0
cfi=(3)
cfn=(16)
calls=0 0
0 8224 0 0 0 0 2 0 0 0 8224 0 0 0 0 2 0 0 0 0 0 0 0 0 0 0 0 0
fl=(3)
fn=(16)
0
cfi=(3)
cfn=(40)
calls=0 0
0 8224 0 0 0 0 2 0 0 0 8224 0 0 0 0 2 0 0 0 0 0 0 0 0 0 0 0 0
fl=(3)
fn=(40)
0
cfi=(3)
cfn=(41)
calls=0 0
0 8224 0 0 0 0 2 0 0 0 8224 0 0 0 0 2 0 0 0 0 0 0 0 0 0 0 0 0
fl=(3)
fn=(41)
0
cfi=(3)
cfn=(42)
calls=0 0
0 8224 0 0 0 0 2 0 0 0 8224 0 0 0 0 2 0 0 0 0 0 0 0 0 0 0 0 0
fl=(3)
fn=(42)
0
cfi=(3)
cfn=(10)
calls=0 0
0 8224 0 0 0 0 2 0 0 0 8224 0 0 0 0 2 0 0 0 0 0 0 0 0 0 0 0 0
fl=(3)
fn=(10)
0
cfi=(3)
cfn=(6)
calls=0 0
0 8224 0 0 0 0 2 0 0 0 8224 0 0 0 0 2 0 0 0 0 0 0 0 0 0 0 0 0
fl=(3)
fn=(6)
0 8224 0 0 0 0 2 0 0 0 8224 0 0 0 0 2 0 0 0 0 0 0 0 0 0 0 0 0

fl=(1)
fn=(1)
130
cfi=(1)
cfn=(2)
calls=0 94
130 8224 0 0 0 0 2 0 0 0 8224 0 0 0 0 2 0 0 0 0 0 0 0 0 0 0 0 0
fl=(1)
fn=(2)
94
cfi=(1)
cfn=(7)
calls=0 45
94 8224 0 0 0 0 2 0 0 0 8224 0 0 0 0 2 0 0 0 0 0 0 0 0 0 0 0 0
fl=(1)
fn=(7)
45
cfi=(3)
cfn=(11)
calls=0 0
45 8224 0 0 0 0 2 0 0 0 8224 0 0 0 0 2 0 0 0 0 0 0 0 0 0 0 0 0
fl=(3)
fn=(11)
0
cfi=(3)
cfn=(12)
calls=0 0
0 8224 0 0 0 0 2 0 0 0 8224 0 0 0 0 2 0 0 0 0 0 0 0 0 0 0 0 0
fl=(3)
fn=(12)
0
cfi=(3)
cfn=(13)
calls=0 0
0 8224 0 0 0 0 2 0 0 0 8224 0 0 0 0 2 0 0 0 0 0 0 0 0 0 0 0 0
fl=(3)
fn=(13)
0
cfi=(3)
cfn=(16)
calls=0 0
0 8224 0 0 0 0 2 0 0 0 8224 0 0 0 0 2 0 0 0 0 0 0 0 0 0 0 0 0
fl=(3)
fn=(16)
0
cfi=(3)
cfn=(40)
calls=0 0
0 8224 0 0 0 0 2 0 0 0 8224 0 0 0 0 2 0 0 0 0 0 0 0 0 0 0 0 0
fl=(3)
fn=(40)
0
cfi=(3)
cfn=(41)
calls=0 0
0 8224 0 0 0 0 2 0 0 0 8224 0 0 0 0 2 0 0 0 0 0 0 0 0 0 0 0 0
fl=(3)
fn=(41)
0
cfi=(3)
cfn=(42)
calls=0 0
0 8224 0 0 0 0 2 0 0 0 8224 0 0 0 0 2 0 0 0 0 0 0 0 0 0 0 0 0
fl=(3)
fn=(42)
0
cfi=(3)
cfn=(10)
calls=0 0
0 8224 0 0 0 0 2 0 0 0 8224 0 0 0 0 2 0 0 0 0 0 0 0 0 0 0 0 0
fl=(3)
fn=(10)
0
cfi=(3)
cfn=(6)
calls=0 0
0 8224 0 0 0 0 2 0 0 0 8224 0 0 0 0 2 0 0 0 0 0 0 0 0 0 0 0 0
fl=(3)
fn=(6)
0 8224 0 0 0 0 2 0 0 0 8224 0 0 0 0 2 0 0 0 0 0 0 0 0 0 0 0 0

fl=(1)
fn=(1)
130
cfi=(1)
cfn=(2)
calls=0 94
130 8224 0 0 0 0 2 0 0 0 8224 0 0 0 0 2 0 0 0 0 0 0 0 0 0 0 0 0
fl=(1)
fn=(2)
94
cfi=(1)
cfn=(7)
calls=0 45
94 8224 0 0 0 0 2 0 0 0 8224 0 0 0 0 2 0 0 0 0 0 0 0 0 0 0 0 0
fl=(1)
fn=(7)
45
cfi=(3)
cfn=(11)
calls=0 0
45 8224 0 0 0 0 2 0 0 0 8224 0 0 0 0 2 0 0 0 0 0 0 0 0 0 0 0 0
fl=(3)
fn=(11)
0
cfi=(3)
cfn=(12)
calls=0 0
0 8224 0 0 0 0 2 0 0 0 8224 0 0 0 0 2 0 0 0 0 0 0 0 0 0 0 0 0
fl=(3)
fn=(12)
0
cfi=(3)
cfn=(13)
calls=0 0
0 8224 0 0 0 0 2 0 0 0 8224 0 0 0 0 2 0 0 0 0 0 0 0 0 0 0 0 0
fl=(3)
fn=(13)
0
cfi=(3)
cfn=(16)
calls=0 0
0 8224 0 0 0 0 2 0 0 0 8224 0 0 0 0 2 0 0 0 0 0 0 0 0 0 0 0 0
fl=(3)
fn=(16)
0
cfi=(3)
cfn=(40)
calls=0 0
0 8224 0 0 0 0 2 0 0 0 8224 0 0 0 0 2 0 0 0 0 0 0 0 0 0 0 0 0
fl=(3)
fn=(40)
0
cfi=(3)
cfn=(41)
calls=0 0
0 8224 0 0 0 0 2 0 0 0 8224 0 0 0 0 2 0 0 0 0 0 0 0 0 0 0 0 0
fl=(3)
fn=(41)
0
cfi=(3)
cfn=(42)
calls=0 0
0 8224 0 0 0 0 2 0 0 0 8224 0 0 0 0 2 0 0 0 0 0 0 0 0 0 0 0 0
fl=(3)
fn=(42)
0
cfi=(3)
cfn=(10)
calls=0 0
0 8224 0 0 0 0 2 0 0 0 8224 0 0 0 0 2 0 0 0 0 0 0 0 0 0 0 0 0
fl=(3)
fn=(10)
0
cfi=(3)
cfn=(6)
calls=0 0
0 8224 0 0 0 0 2 0 0 0 8224 0 0 0 0 2 0 0 0 0 0 0 0 0 0 0 0 0
fl=(3)
fn=(6)
0 8224 0 0 0 0 2 0 0 0 8224 0 0 0 0 2 0 0 0 0 0 0 0 0 0 0 0 0

fl=(1)
fn=(1)
130
cfi=(1)
cfn=(2)
calls=0 94
130 8224 0 0 0 0 2 0 0 0 8224 0 0 0 0 2 0 0 0 0 0 0 0 0 0 0 0 0
fl=(1)
fn=(2)
94
cfi=(1)
cfn=(7)
calls=0 45
94 8224 0 0 0 0 2 0 0 0 8224 0 0 0 0 2 0 0 0 0 0 0 0 0 0 0 0 0
fl=(1)
fn=(7)
45
cfi=(3)
cfn=(11)
calls=0 0
45 8224 0 0 0 0 2 0 0 0 8224 0 0 0 0 2 0 0 0 0 0 0 0 0 0 0 0 0
fl=(3)
fn=(11)
0
cfi=(3)
cfn=(12)
calls=0 0
0 8224 0 0 0 0 2 0 0 0 8224 0 0 0 0 2 0 0 0 0 0 0 0 0 0 0 0 0
fl=(3)
fn=(12)
0
cfi=(3)
cfn=(16)
calls=0 0
0 8224 0 0 0 0 2 0 0 0 8224 0 0 0 0 2 0 0 0 0 0 0 0 0 0 0 0 0
fl=(3)
fn=(16)
0
cfi=(3)
cfn=(40)
calls=0 0
0 8224 0 0 0 0 2 0 0 0 8224 0 0 0 0 2 0 0 0 0 0 0 0 0 0 0 0 0
fl=(3)
fn=(40)
0
cfi=(3)
cfn=(41)
calls=0 0
0 8224 0 0 0 0 2 0 0 0 8224 0 0 0 0 2 0 0 0 0 0 0 0 0 0 0 0 0
fl=(3)
fn=(41)
0
cfi=(3)
cfn=(42)
calls=0 0
0 8224 0 0 0 0 2 0 0 0 8224 0 0 0 0 2 0 0 0 0 0 0 0 0 0 0 0 0
fl=(3)
fn=(42)
0
cfi=(3)
cfn=(10)
calls=0 0
0 8224 0 0 0 0 2 0 0 0 8224 0 0 0 0 2 0 0 0 0 0 0 0 0 0 0 0 0
fl=(3)
fn=(10)
0
cfi=(3)
cfn=(6)
calls=0 0
0 8224 0 0 0 0 2 0 0 0 8224 0 0 0 0 2 0 0 0 0 0 0 0 0 0 0 0 0
fl=(3)
fn=(6)
0 8224 0 0 0 0 2 0 0 0 8224 0 0 0 0 2 0 0 0 0 0 0 0 0 0 0 0 0

fl=(1)
fn=(1)
130
cfi=(1)
cfn=(2)
calls=0 94
130 8224 0 0 0 0 2 0 0 0 8224 0 0 0 0 2 0 0 0 0 0 0 0 0 0 0 0 0
fl=(1)
fn=(2)
94
cfi=(1)
cfn=(7)
calls=0 45
94 8224 0 0 0 0 2 0 0 0 8224 0 0 0 0 2 0 0 0 0 0 0 0 0 0 0 0 0
fl=(1)
fn=(7)
45
cfi=(3)
cfn=(11)
calls=0 0
45 8224 0 0 0 0 2 0 0 0 8224 0 0 0 0 2 0 0 0 0 0 0 0 0 0 0 0 0
fl=(3)
fn=(11)
0
cfi=(3)
cfn=(12)
calls=0 0
0 8224 0 0 0 0 2 0 0 0 8224 0 0 0 0 2 0 0 0 0 0 0 0 0 0 0 0 0
fl=(3)
fn=(12)
0
cfi=(3)
cfn=(16)
calls=0 0
0 8224 0 0 0 0 2 0 0 0 8224 0 0 0 0 2 0 0 0 0 0 0 0 0 0 0 0 0
fl=(3)
fn=(16)
0
cfi=(3)
cfn=(40)
calls=0 0
0 8224 0 0 0 0 2 0 0 0 8224 0 0 0 0 2 0 0 0 0 0 0 0 0 0 0 0 0
fl=(3)
fn=(40)
0
cfi=(3)
cfn=(41)
calls=0 0
0 8224 0 0 0 0 2 0 0 0 8224 0 0 0 0 2 0 0 0 0 0 0 0 0 0 0 0 0
fl=(3)
fn=(41)
0
cfi=(3)
cfn=(42)
calls=0 0
0 8224 0 0 0 0 2 0 0 0 8224 0 0 0 0 2 0 0 0 0 0 0 0 0 0 0 0 0
fl=(3)
fn=(42)
0
cfi=(3)
cfn=(10)
calls=0 0
0 8224 0 0 0 0 2 0 0 0 8224 0 0 0 0 2 0 0 0 0 0 0 0 0 0 0 0 0
fl=(3)
fn=(10)
0
cfi=(3)
cfn=(6)
calls=0 0
0 8224 0 0 0 0 2 0 0 0 8224 0 0 0 0 2 0 0 0 0 0 0 0 0 0 0 0 0
fl=(3)
fn=(6)
0 8224 0 0 0 0 2 0 0 0 8224 0 0 0 0 2 0 0 0 0 0 0 0 0 0 0 0 0

fl=(1)
fn=(1)
130
cfi=(1)
cfn=(2)
calls=0 94
130 8224 0 0 0 0 2 0 0 0 8224 0 0 0 0 2 0 0 0 0 0 0 0 0 0 0 0 0
fl=(1)
fn=(2)
94
cfi=(1)
cfn=(7)
calls=0 45
94 8224 0 0 0 0 2 0 0 0 8224 0 0 0 0 2 0 0 0 0 0 0 0 0 0 0 0 0
fl=(1)
fn=(7)
45
cfi=(3)
cfn=(11)
calls=0 0
45 8224 0 0 0 0 2 0 0 0 8224 0 0 0 0 2 0 0 0 0 0 0 0 0 0 0 0 0
fl=(3)
fn=(11)
0
cfi=(3)
cfn=(12)
calls=0 0
0 8224 0 0 0 0 2 0 0 0 8224 0 0 0 0 2 0 0 0 0 0 0 0 0 0 0 0 0
fl=(3)
fn=(12)
0
cfi=(3)
cfn=(16)
calls=0 0
0 8224 0 0 0 0 2 0 0 0 8224 0 0 0 0 2 0 0 0 0 0 0 0 0 0 0 0 0
fl=(3)
fn=(16)
0
cfi=(3)
cfn=(40)
calls=0 0
0 8224 0 0 0 0 2 0 0 0 8224 0 0 0 0 2 0 0 0 0 0 0 0 0 0 0 0 0
fl=(3)
fn=(40)
0
cfi=(3)
cfn=(41)
calls=0 0
0 8224 0 0 0 0 2 0 0 0 8224 0 0 0 0 2 0 0 0 0 0 0 0 0 0 0 0 0
fl=(3)
fn=(41)
0
cfi=(3)
cfn=(42)
calls=0 0
0 8224 0 0 0 0 2 0 0 0 8224 0 0 0 0 2 0 0 0 0 0 0 0 0 0 0 0 0
fl=(3)
fn=(42)
0
cfi=(3)
cfn=(10)
calls=0 0
0 8224 0 0 0 0 2 0 0 0 8224 0 0 0 0 2 0 0 0 0 0 0 0 0 0 0 0 0
fl=(3)
fn=(10)
0
cfi=(3)
cfn=(6)
calls=0 0
0 8224 0 0 0 0 2 0 0 0 8224 0 0 0 0 2 0 0 0 0 0 0 0 0 0 0 0 0
fl=(3)
fn=(6)
0 8224 0 0 0 0 2 0 0 0 8224 0 0 0 0 2 0 0 0 0 0 0 0 0 0 0 0 0

fl=(1)
fn=(1)
130
cfi=(1)
cfn=(2)
calls=0 94
130 8224 0 0 0 0 2 0 0 0 8224 0 0 0 0 2 0 0 0 0 0 0 0 0 0 0 0 0
fl=(1)
fn=(2)
94
cfi=(1)
cfn=(7)
calls=0 45
94 8224 0 0 0 0 2 0 0 0 8224 0 0 0 0 2 0 0 0 0 0 0 0 0 0 0 0 0
fl=(1)
fn=(7)
45
cfi=(3)
cfn=(11)
calls=0 0
45 8224 0 0 0 0 2 0 0 0 8224 0 0 0 0 2 0 0 0 0 0 0 0 0 0 0 0 0
fl=(3)
fn=(11)
0
cfi=(3)
cfn=(12)
calls=0 0
0 8224 0 0 0 0 2 0 0 0 8224 0 0 0 0 2 0 0 0 0 0 0 0 0 0 0 0 0
fl=(3)
fn=(12)
0
cfi=(3)
cfn=(40)
calls=0 0
0 8224 0 0 0 0 2 0 0 0 8224 0 0 0 0 2 0 0 0 0 0 0 0 0 0 0 0 0
fl=(3)
fn=(40)
0
cfi=(3)
cfn=(41)
calls=0 0
0 8224 0 0 0 0 2 0 0 0 8224 0 0 0 0 2 0 0 0 0 0 0 0 0 0 0 0 0
fl=(3)
fn=(41)
0
cfi=(3)
cfn=(42)
calls=0 0
0 8224 0 0 0 0 2 0 0 0 8224 0 0 0 0 2 0 0 0 0 0 0 0 0 0 0 0 0
fl=(3)
fn=(42)
0
cfi=(3)
cfn=(10)
calls=0 0
0 8224 0 0 0 0 2 0 0 0 8224 0 0 0 0 2 0 0 0 0 0 0 0 0 0 0 0 0
fl=(3)
fn=(10)
0
cfi=(3)
cfn=(6)
calls=0 0
0 8224 0 0 0 0 2 0 0 0 8224 0 0 0 0 2 0 0 0 0 0 0 0 0 0 0 0 0
fl=(3)
fn=(6)
0 8224 0 0 0 0 2 0 0 0 8224 0 0 0 0 2 0 0 0 0 0 0 0 0 0 0 0 0

fl=(1)
fn=(1)
130
cfi=(1)
cfn=(2)
calls=0 94
130 8224 0 0 0 0 2 0 0 0 8224 0 0 0 0 2 0 0 0 0 0 0 0 0 0 0 0 0
fl=(1)
fn=(2)
94
cfi=(1)
cfn=(7)
calls=0 45
94 8224 0 0 0 0 2 0 0 0 8224 0 0 0 0 2 0 0 0 0 0 0 0 0 0 0 0 0
fl=(1)
fn=(7)
45
cfi=(3)
cfn=(11)
calls=0 0
45 8224 0 0 0 0 2 0 0 0 8224 0 0 0 0 2 0 0 0 0 0 0 0 0 0 0 0 0
fl=(3)
fn=(11)
0
cfi=(3)
cfn=(12)
calls=0 0
0 8224 0 0 0 0 2 0 0 0 8224 0 0 0 0 2 0 0 0 0 0 0 0 0 0 0 0 0
fl=(3)
fn=(12)
0
cfi=(3)
cfn=(40)
calls=0 0
0 8224 0 0 0 0 2 0 0 0 8224 0 0 0 0 2 0 0 0 0 0 0 0 0 0 0 0 0
fl=(3)
fn=(40)
0
cfi=(3)
cfn=(41)
calls=0 0
0 8224 0 0 0 0 2 0 0 0 8224 0 0 0 0 2 0 0 0 0 0 0 0 0 0 0 0 0
fl=(3)
fn=(41)
0
cfi=(3)
cfn=(42)
calls=0 0
0 8224 0 0 0 0 2 0 0 0 8224 0 0 0 0 2 0 0 0 0 0 0 0 0 0 0 0 0
fl=(3)
fn=(42)
0
cfi=(3)
cfn=(10)
calls=0 0
0 8224 0 0 0 0 2 0 0 0 8224 0 0 0 0 2 0 0 0 0 0 0 0 0 0 0 0 0
fl=(3)
fn=(10)
0
cfi=(3)
cfn=(6)
calls=0 0
0 8224 0 0 0 0 2 0 0 0 8224 0 0 0 0 2 0 0 0 0 0 0 0 0 0 0 0 0
fl=(3)
fn=(6)
0 8224 0 0 0 0 2 0 0 0 8224 0 0 0 0 2 0 0 0 0 0 0 0 0 0 0 0 0

fl=(1)
fn=(1)
130
cfi=(1)
cfn=(2)
calls=0 94
130 12336 0 0 0 0 3 0 0 0 12336 0 0 0 0 3 0 0 0 0 0 0 0 0 0 0 0 0
fl=(1)
fn=(2)
94
cfi=(1)
cfn=(7)
calls=0 45
94 12336 0 0 0 0 3 0 0 0 12336 0 0 0 0 3 0 0 0 0 0 0 0 0 0 0 0 0
fl=(1)
fn=(7)
45
cfi=(3)
cfn=(11)
calls=0 0
45 12336 0 0 0 0 3 0 0 0 12336 0 0 0 0 3 0 0 0 0 0 0 0 0 0 0 0 0
fl=(3)
fn=(11)
0
cfi=(3)
cfn=(12)
calls=0 0
0 12336 0 0 0 0 3 0 0 0 12336 0 0 0 0 3 0 0 0 0 0 0 0 0 0 0 0 0
fl=(3)
fn=(12)
0
cfi=(3)
cfn=(16)
calls=0 0
0 12336 0 0 0 0 3 0 0 0 12336 0 0 0 0 3 0 0 0 0 0 0 0 0 0 0 0 0
fl=(3)
fn=(16)
0
cfi=(3)
cfn=(40)
calls=0 0
0 12336 0 0 0 0 3 0 0 0 12336 0 0 0 0 3 0 0 0 0 0 0 0 0 0 0 0 0
fl=(3)
fn=(40)
0
cfi=(3)
cfn=(41)
calls=0 0
0 12336 0 0 0 0 3 0 0 0 12336 0 0 0 0 3 0 0 0 0 0 0 0 0 0 0 0 0
fl=(3)
fn=(41)
0
cfi=(3)
cfn=(42)
calls=0 0
0 12336 0 0 0 0 3 0 0 0 12336 0 0 0 0 3 0 0 0 0 0 0 0 0 0 0 0 0
fl=(3)
fn=(42)
0
cfi=(3)
cfn=(10)
calls=0 0
0 12336 0 0 0 0 3 0 0 0 12336 0 0 0 0 3 0 0 0 0 0 0 0 0 0 0 0 0
fl=(3)
fn=(10)
0
cfi=(3)
cfn=(6)
calls=0 0
0 12336 0 0 0 0 3 0 0 0 12336 0 0 0 0 3 0 0 0 0 0 0 0 0 0 0 0 0
fl=(3)
fn=(6)
0 12336 0 0 0 0 3 0 0 0 12336 0 0 0 0 3 0 0 0 0 0 0 0 0 0 0 0 0

fl=(1)
fn=(1)
130
cfi=(1)
cfn=(2)
calls=0 94
130 12336 0 0 0 0 3 0 0 0 12336 0 0 0 0 3 0 0 0 0 0 0 0 0 0 0 0 0
fl=(1)
fn=(2)
94
cfi=(1)
cfn=(7)
calls=0 45
94 12336 0 0 0 0 3 0 0 0 12336 0 0 0 0 3 0 0 0 0 0 0 0 0 0 0 0 0
fl=(1)
fn=(7)
45
cfi=(3)
cfn=(11)
calls=0 0
45 12336 0 0 0 0 3 0 0 0 12336 0 0 0 0 3 0 0 0 0 0 0 0 0 0 0 0 0
fl=(3)
fn=(11)
0
cfi=(3)
cfn=(12)
calls=0 0
0 12336 0 0 0 0 3 0 0 0 12336 0 0 0 0 3 0 0 0 0 0 0 0 0 0 0 0 0
fl=(3)
fn=(12)
0
cfi=(3)
cfn=(16)
calls=0 0
0 12336 0 0 0 0 3 0 0 0 12336 0 0 0 0 3 0 0 0 0 0 0 0 0 0 0 0 0
fl=(3)
fn=(16)
0
cfi=(3)
cfn=(40)
calls=0 0
0 12336 0 0 0 0 3 0 0 0 12336 0 0 0 0 3 0 0 0 0 0 0 0 0 0 0 0 0
fl=(3)
fn=(40)
0
cfi=(3)
cfn=(41)
calls=0 0
0 12336 0 0 0 0 3 0 0 0 12336 0 0 0 0 3 0 0 0 0 0 0 0 0 0 0 0 0
fl=(3)
fn=(41)
0
cfi=(3)
cfn=(42)
calls=0 0
0 12336 0 0 0 0 3 0 0 0 12336 0 0 0 0 3 0 0 0 0 0 0 0 0 0 0 0 0
fl=(3)
fn=(42)
0
cfi=(3)
cfn=(10)
calls=0 0
0 12336 0 0 0 0 3 0 0 0 12336 0 0 0 0 3 0 0 0 0 0 0 0 0 0 0 0 0
fl=(3)
fn=(10)
0
cfi=(3)
cfn=(6)
calls=0 0
0 12336 0 0 0 0 3 0 0 0 12336 0 0 0 0 3 0 0 0 0 0 0 0 0 0 0 0 0
fl=(3)
fn=(6)
0 12336 0 0 0 0 3 0 0 0 12336 0 0 0 0 3 0 0 0 0 0 0 0 0 0 0 0 0

fl=(1)
fn=(1)
130
cfi=(1)
cfn=(2)
calls=0 94
130 28784 0 0 0 0 7 0 0 0 28784 0 0 0 0 7 0 0 0 0 0 0 0 0 0 0 0 0
fl=(1)
fn=(2)
94
cfi=(1)
cfn=(7)
calls=0 45
94 28784 0 0 0 0 7 0 0 0 28784 0 0 0 0 7 0 0 0 0 0 0 0 0 0 0 0 0
fl=(1)
fn=(7)
45
cfi=(3)
cfn=(11)
calls=0 0
45 28784 0 0 0 0 7 0 0 0 28784 0 0 0 0 7 0 0 0 0 0 0 0 0 0 0 0 0
fl=(3)
fn=(11)
0
cfi=(3)
cfn=(12)
calls=0 0
0 28784 0 0 0 0 7 0 0 0 28784 0 0 0 0 7 0 0 0 0 0 0 0 0 0 0 0 0
fl=(3)
fn=(12)
0
cfi=(3)
cfn=(16)
calls=0 0
0 28784 0 0 0 0 7 0 0 0 28784 0 0 0 0 7 0 0 0 0 0 0 0 0 0 0 0 0
fl=(3)
fn=(16)
0
cfi=(3)
cfn=(28)
calls=0 0
0 28784 0 0 0 0 7 0 0 0 28784 0 0 0 0 7 0 0 0 0 0 0 0 0 0 0 0 0
fl=(3)
fn=(28)
0
cfi=(3)
cfn=(41)
calls=0 0
0 28784 0 0 0 0 7 0 0 0 28784 0 0 0 0 7 0 0 0 0 0 0 0 0 0 0 0 0
fl=(3)
fn=(41)
0
cfi=(3)
cfn=(42)
calls=0 0
0 28784 0 0 0 0 7 0 0 0 28784 0 0 0 0 7 0 0 0 0 0 0 0 0 0 0 0 0
fl=(3)
fn=(42)
0
cfi=(3)
cfn=(10)
calls=0 0
0 28784 0 0 0 0 7 0 0 0 28784 0 0 0 0 7 0 0 0 0 0 0 0 0 0 0 0 0
fl=(3)
fn=(10)
0
cfi=(3)
cfn=(6)
calls=0 0
0 28784 0 0 0 0 7 0 0 0 28784 0 0 0 0 7 0 0 0 0 0 0 0 0 0 0 0 0
fl=(3)
fn=(6)
0 28784 0 0 0 0 7 0 0 0 28784 0 0 0 0 7 0 0 0 0 0 0 0 0 0 0 0 0

totals: 218307 0 2 50 2 455 0 1 1 218307 0 2 50 2 455 0 1 1 0 0 0 0 0 0 0 0 0
